0.75027466
0.7953186
0.22756958
0.5489807
0.5818176
0.99990845
0.9848938
0.5074768
0.7336731
0.05606079
0.25003052
0.2550354
0.080841064
0.33877563
0.89797974
0.1666565
0.49832153
0.22305298
0.80374146
0.6173401
0.8611145
0.08389282
0.8423157
0.9820862
0.04421997
0.29629517
0.8887024
0.6358948
0.92263794
0.23526001
0.8179016
0.95376587
0.3713684
0.27578735
0.50491333
0.31069946
0.26541138
0.7928772
0.82473755
0.08169556
0.47976685
0.16152954
0.65237427
0.64175415
0.8894348
0.7567444
0.8628235
0.36587524
0.36941528
0.9535217
0.3310852
0.62905884
0.79470825
0.12686157
0.9321594
0.80630493
0.04031372
0.6517639
0.54104614
0.27261353
0.9812317
0.90322876
0.03274536
0.40298462
0.49246216
0.2562561
0.28225708
0.5724182
0.44900513
0.08584595
0.1645813
0.1559143
0.7258606
0.7669983
0.554718
0.5284729
0.19802856
0.67471313
0.32766724
0.065093994
0.74050903
0.18399048
0.35842896
0.14077759
0.228302
0.6698303
0.5220032
0.13052368
0.5364075
0.50723267
0.6933899
0.40933228
0.53982544
0.07119751
0.7475891
0.35220337
0.11355591
0.73672485
0.55960083
0.33413696
0.13259888
0.8788147
0.004425049
0.73013306
0.47195435
0.87246704
0.95706177
0.91519165
0.0066223145
0.092681885
0.292511
0.26431274
0.6116028
0.9144592
0.8857727
0.15249634
0.16189575
0.7127991
0.6118469
0.95474243
0.5325012
0.8627014
0.34573364
0.046051025
0.5984192
0.73916626
0.96243286
0.8014221
0.23464966
0.7171936
0.33694458
0.5958557
0.31619263
0.17178345
0.3442688
0.8043518
0.7180481
0.4779358
0.8594055
0.8019104
0.31521606
0.010650635
0.75735474
0.9635315
0.98269653
0.14492798
0.91311646
0.6642151
0.5954895
0.25576782
0.20169067
0.27896118
0.02859497
0.71817017
0.4980774
0.18276978
0.15701294
0.907135
0.6772766
0.75064087
0.8557434
0.19766235
0.61428833
0.35757446
0.9997864
0.9647522
0.18411255
0.37857056
0.46414185
0.58340454
0.26174927
0.18862915
0.123809814
0.42861938
0.7221985
0.16275024
0.8537903
0.8753967
0.4404602
0.67593384
0.52908325
0.29873657
0.29153442
0.10317993
0.02468872
0.073638916
0.15042114
0.8194885
0.21560669
0.57510376
0.89212036
0.19985962
0.97683716
0.1781311
0.39163208
0.6192932
0.18338013
0.25772095
0.5239563
0.4527893
0.7102356
0.18887329
0.16409302
0.0753479
0.43240356
0.34658813
0.18704224
0.861969
0.22488403
0.10586548
0.46780396
0.18765259
0.962677
0.8417053
0.8813782
0.42739868
0.5207825
0.92910767
0.3027649
0.9562073
0.77420044
0.7430725
0.6069641
0.14907837
0.5979309
0.65859985
0.66897583
0.38101196
0.8669739
0.050689697
0.36380005
0.027008057
0.45632935
0.29434204
0.56643677
0.46206665
0.24099731
0.7645569
0.15188599
0.061187744
0.09597778
0.8363342
0.9951477
0.19937134
0.89627075
0.8846741
0.9712219
0.25161743
0.5168762
0.28457642
0.95510864
0.592926
0.8327942
0.41104126
0.82180786
0.5982971
0.71902466
0.6390686
0.44631958
0.6427307
0.050567627
0.34365845
0.7036438
0.10122681
0.7024231
0.8998108
0.46878052
0.3487854
0.54959106
0.68252563
0.61672974
0.7604065
0.46707153
0.06680298
0.022491455
0.7110901
0.3298645
0.42764282
0.5610657
0.5758362
0.012969971
0.14004517
0.10745239
0.7296448
0.39138794
0.57901
0.5366516
0.54751587
0.3401184
0.11953735
0.72366333
0.40444946
0.7341614
0.1366272
0.54348755
0.67544556
0.44851685
0.005279541
0.87112427
0.73550415
0.3581848
0.100494385
0.5815735
0.95962524
0.33816528
0.7972717
0.5498352
0.72280884
0.26345825
0.47061157
0.6509094
0.40005493
0.009063721
0.49551392
0.75979614
0.36636353
0.4499817
0.24697876
0.75149536
0.9967346
0.46121216
0.1000061
0.5010071
0.6661682
0.9177551
0.42959595
0.8833313
0.7496643
0.6946106
0.6107483
0.773468
0.6222229
0.66677856
0.018463135
0.046417236
0.658844
0.70925903
0.027740479
0.57717896
0.23452759
0.697052
0.013580322
0.24075317
0.7242737
0.5051575
0.35098267
0.9121399
0.5030823
0.008575439
0.4149475
0.4663391
0.94595337
0.08230591
0.58047485
0.77835083
0.42788696
0.6013489
0.2225647
0.72317505
0.32388306
0.44070435
0.71621704
0.17581177
0.00894165
0.4753723
0.43643188
0.011260986
0.85806274
0.5803528
0.7582092
0.104522705
0.24624634
0.63064575
0.056549072
0.33059692
0.54849243
0.5012512
0.7064514
0.56448364
0.13980103
0.06716919
0.08291626
0.68118286
0.39517212
0.20339966
0.5609436
0.5556946
0.6896057
0.7849426
0.51553345
0.0630188
0.3981018
0.6867981
0.3216858
0.07815552
0.8956604
0.78396606
0.35440063
0.47610474
0.5572815
0.95144653
0.988678
0.13186646
0.7579651
0.0642395
0.5995178
0.9204407
0.8727112
0.997345
0.56192017
0.7168274
0.27651978
0.62576294
0.250885
0.3960266
0.34439087
0.8244934
0.041412354
0.83303833
0.45132446
0.46853638
0.3085022
0.90286255
0.97232056
0.43289185
0.42715454
0.48049927
0.28237915
0.5925598
0.7723694
0.4409485
0.75650024
0.8225403
0.7191467
0.6592102
0.76968384
0.99783325
0.6424866
0.010284424
0.69692993
0.9934387
0.9173889
0.36917114
0.9132385
0.6843567
0.91885376
0.61087036
0.7936096
0.94558716
0.021881104
0.6103821
0.7130432
0.6521301
0.60147095
0.2427063
0.046539307
0.6789856
0.03262329
0.38284302
0.1690979
0.90115356
0.69033813
0.90579224
0.455719
0.19363403
0.9496155
0.68655396
0.2814026
0.431427
0.18545532
0.6001282
0.021148682
0.48953247
0.77285767
0.5215149
0.049957275
0.24295044
0.08682251
0.3257141
0.74282837
0.5666809
0.50234985
0.88772583
0.47476196
0.33572388
0.3944397
0.08255005
0.62075806
0.42507935
0.13809204
0.78518677
0.55581665
0.7097473
0.108306885
0.870636
0.65493774
0.06472778
0.6800842
0.2138977
0.29312134
0.36502075
0.22842407
0.6899719
0.84536743
0.48562622
0.12832642
0.17385864
0.686676
0.3015442
0.75479126
0.54055786
0.19204712
0.68777466
0.4828186
0.6650696
0.7364807
0.5193176
0.68740845
0.4223938
0.6949768
0.6711731
0.7435608
0.6875305
0.4425354
0.018341064
0.026275635
0.33547974
0.3541565
0.43582153
0.910553
0.24124146
0.8048401
0.7986145
0.7713928
0.27981567
0.16958618
0.98172
0.98379517
0.3262024
0.8233948
0.86013794
0.92276
0.2554016
0.14126587
0.3088684
0.96328735
0.94241333
0.49819946
0.20291138
0.4803772
0.26223755
0.26919556
0.41726685
0.84902954
0.08987427
0.82925415
0.8269348
0.44424438
0.3003235
0.55337524
0.30691528
0.6410217
0.7685852
0.81655884
0.73220825
0.8143616
0.36965942
0.99380493
0.9778137
0.33926392
0.97854614
0.46011353
0.9187317
0.59072876
0.47024536
0.5904846
0.42996216
0.9437561
0.7197571
0.7599182
0.38650513
0.77334595
0.6020813
0.3434143
0.6633606
0.4544983
0.992218
0.7159729
0.13552856
0.36221313
0.76516724
0.252594
0.67800903
0.8714905
0.79592896
0.3282776
0.165802
0.35733032
0.9595032
0.31802368
0.47390747
0.19473267
0.1308899
0.5968323
0.47732544
0.7586975
0.18508911
0.53970337
0.05105591
0.42422485
0.99710083
0.52163696
0.07009888
0.5663147
0.44192505
0.91763306
0.40945435
0.55996704
0.39456177
0.10269165
0.9441223
0.7801819
0.730011
0.45181274
0.5491028
0.6019592
0.3232727
0.33999634
0.09939575
0.40029907
0.049346924
0.14224243
0.47000122
0.5502014
0.78323364
0.23355103
0.5359192
0.42666626
0.39993286
0.9889221
0.17214966
0.4046936
0.7744446
0.7833557
0.25369263
0.85928345
0.7817688
0.9918518
0.6555481
0.16543579
0.29690552
0.9894104
0.25271606
0.69815063
0.19485474
0.1510315
0.92019653
0.832428
0.35061646
0.8517151
0.5329895
0.9432678
0.6391907
0.46646118
0.966095
0.40567017
0.9355774
0.37026978
0.09451294
0.594635
0.11477661
0.93814087
0.7932434
0.88516235
0.05178833
0.54507446
0.9372864
0.6522522
0.62161255
0.56607056
0.40164185
0.27090454
0.69924927
0.37612915
0.061309814
0.116119385
0.15969849
0.35025024
0.7912903
0.5628967
0.8779602
0.86343384
0.46658325
0.9862366
0.7290344
0.29067993
0.9621887
0.7611389
0.58792114
0.0069885254
0.15310669
0.26260376
0.32962036
0.38735962
0.91433716
0.8656311
0.8291321
0.8067932
0.12088013
0.94522095
0.9614563
0.6402893
0.6477356
0.8763733
0.601593
0.2628479
0.36990356
0.034088135
0.62454224
0.049468994
0.16238403
0.7933655
0.90530396
0.3751526
0.900177
0.5292053
0.31887817
0.6148987
0.45828247
0.61660767
0.7402649
0.14370728
0.71170044
0.4305725
0.04446411
0.33657837
0.5354309
0.34609985
0.10647583
0.56851196
0.8044739
0.7381897
0.80130005
0.21450806
0.39382935
0.98184204
0.0039367676
0.64956665
0.17849731
0.45205688
0.589386
0.24868774
0.033477783
0.5238342
0.4326477
0.38687134
0.83377075
0.5721741
0.40872192
0.43911743
0.45437622
0.9720764
0.39260864
0.780426
0.7702942
0.09854126
0.25930786
0.7857971
0.65652466
0.3265686
0.8838196
0.8302307
0.9880676
0.031158447
0.1411438
0.2887268
0.6399231
0.5873108
0.9062805
0.5362854
0.48709106
0.37002563
0.054229736
0.9479065
0.40457153
0.754303
0.45999146
0.8985901
0.2673645
0.11514282
0.9985657
0.7633362
0.95047
0.82754517
0.5449524
0.9171448
0.32888794
0.26651
0.9741516
0.73501587
0.2776184
0.80703735
0.16116333
0.59194946
0.6716614
0.8241272
0.98098755
0.86294556
0.38601685
0.69277954
0.30862427
0.92300415
0.2956848
0.7879944
0.019073486
0.14712524
0.27566528
0.48477173
0.9873352
0.91030884
0.20095825
0.15811157
0.088409424
0.58755493
0.9465637
0.18301392
0.19729614
0.5538635
0.3874817
0.93447876
0.18899536
0.18423462
0.39871216
0.7875061
0.9385071
0.8536682
0.8552551
0.11709595
0.3208313
0.9371643
0.6321106
0.2982483
0.21096802
0.8097229
0.60427856
0.70596313
0.48391724
0.846344
0.64675903
0.7152405
0.014678955
0.4220276
0.634552
0.7010803
0.6782532
0.9117737
0.44265747
0.038482666
0.3496399
0.6905823
0.94607544
0.10244751
0.9038391
0.13345337
0.019805908
0.26797485
0.21585083
0.61538696
0.5388489
0.9100647
0.16067505
0.51138306
0.37820435
0.40371704
0.61331177
0.19644165
0.4128723
0.123931885
0.448761
0.045562744
0.5178528
0.44570923
0.5420227
0.43374634
0.56814575
0.7440491
0.7680969
0.73599243
0.43875122
0.39395142
0.0019836426
0.32730103
0.0046691895
0.77041626
0.11868286
0.5826721
0.14089966
0.2484436
0.9931946
0.8771057
0.7224426
0.20303345
0.5005188
0.5856018
0.6242981
0.009185791
0.5156555
0.0831604
0.72146606
0.041900635
0.91360474
0.7447815
0.88894653
0.676178
0.56936646
0.9454651
0.001739502
0.28701782
0.35794067
0.06021118
0.934845
0.24942017
0.1543274
0.46401978
0.56326294
0.938385
0.8335266
0.53189087
0.7619934
0.72891235
0.27053833
0.63882446
0.40603638
0.9960022
0.34036255
0.15982056
0.37039185
0.11465454
0.91799927
0.46987915
0.5300598
0.45986938
0.8784485
0.94400024
0.7600403
0.40664673
0.096710205
0.95718384
0.93533325
0.32998657
0.44778442
0.88442993
0.9309387
0.6048889
0.80667114
0.100738525
0.6218567
0.60635376
0.04837036
0.9811096
0.88308716
0.7093811
0.04788208
0.9005432
0.5896301
0.28897095
0.6802063
0.2340393
0.6164856
0.7201233
0.820343
0.3565979
0.83865356
0.37783813
0.34329224
0.643219
0.13113403
0.6371155
0.124053955
0.4689026
0.368927
0.8729553
0.037628174
0.20864868
0.42703247
0.46035767
0.9590149
0.23745728
0.18045044
0.7743225
0.7632141
0.93032837
0.5041809
0.18984985
0.32522583
0.66226196
0.27322388
0.0819397
0.52005005
0.80825806
0.36257935
0.82559204
0.22268677
0.74331665
0.6472473
0.7958069
0.308136
0.84243774
0.0022277832
0.36758423
0.6513977
0.48062134
0.30252075
0.9159241
0.12747192
0.03286743
0.42312622
0.8158264
0.61135864
0.874176
0.23904419
0.44229126
0.97805786
0.37954712
0.62527466
0.1703186
0.10256958
0.9239807
0.45681763
0.37490845
0.8598938
0.8824768
0.6086731
0.4310608
0.12503052
0.6300354
0.95584106
0.71377563
0.77297974
0.5416565
0.37332153
0.598053
0.67874146
0.9923401
0.7361145
0.45889282
0.7173157
0.35708618
0.91922
0.67129517
0.7637024
0.010894775
0.79763794
0.61026
0.6929016
0.32876587
0.24636841
0.65078735
0.37991333
0.68569946
0.14041138
0.1678772
0.69973755
0.45669556
0.35476685
0.53652954
0.52737427
0.01675415
0.7644348
0.13174438
0.7378235
0.74087524
0.24441528
0.32852173
0.2060852
0.004058838
0.66970825
0.5018616
0.8071594
0.18130493
0.9153137
0.026763916
0.41604614
0.6476135
0.8562317
0.27822876
0.90774536
0.7779846
0.36746216
0.6312561
0.15725708
0.9474182
0.32400513
0.46084595
0.0395813
0.5309143
0.6008606
0.14199829
0.42971802
0.9034729
0.073028564
0.049713135
0.20266724
0.440094
0.61550903
0.5589905
0.23342896
0.5157776
0.103302
0.044830322
0.39700317
0.5055237
0.41140747
0.88223267
0.5683899
0.7843323
0.41482544
0.4461975
0.6225891
0.72720337
0.9885559
0.11172485
0.43460083
0.70913696
0.007598877
0.2538147
0.87942505
0.10513306
0.34695435
0.24746704
0.83206177
0.29019165
0.8816223
0.46768188
0.16751099
0.63931274
0.48660278
0.28945923
0.7607727
0.52749634
0.036895752
0.08779907
0.48684692
0.32974243
0.40750122
0.23770142
0.22073364
0.42105103
0.4734192
0.11416626
0.83743286
0.17642212
0.10964966
0.0921936
0.21194458
0.9708557
0.19119263
0.54678345
0.2192688
0.1793518
0.5930481
0.8529358
0.7344055
0.1769104
0.19021606
0.38565063
0.63235474
0.3385315
0.85769653
0.519928
0.78811646
0.039215088
0.4704895
0.6307678
0.076690674
0.6539612
0.903595
0.093170166
0.3730774
0.5577698
0.03201294
0.282135
0.5522766
0.12564087
0.7307434
0.57266235
0.48928833
0.73257446
0.8747864
0.3397522
0.05911255
0.75357056
0.33914185
0.95840454
0.13674927
0.56362915
0.9988098
0.8036194
0.5971985
0.53775024
0.7287903
0.25039673
0.3154602
0.050933838
0.40408325
0.6737366
0.16653442
0.47817993
0.8996887
0.44863892
0.025421143
0.19448853
0.09060669
0.95010376
0.76712036
0.5748596
0.85183716
0.5531311
0.26663208
0.9942932
0.058380127
0.63272095
0.3989563
0.8277893
0.5852356
0.5638733
0.039093018
0.4503479
0.30740356
0.72158813
0.062042236
0.236969
0.09988403
0.48086548
0.34280396
0.5626526
0.837677
0.21670532
0.7563782
0.8023987
0.39578247
0.30410767
0.1777649
0.33120728
0.64920044
0.11807251
0.4819641
0.52407837
0.4729309
0.033599854
0.54397583
0.75601196
0.7419739
0.4256897
0.23880005
0.40200806
0.33132935
0.66934204
0.44143677
0.83706665
0.115997314
0.13955688
0.026885986
0.43618774
0.9709778
0.21133423
0.8701477
0.57437134
0.77127075
0.25967407
0.8462219
0.62661743
0.39187622
0.6595764
0.83010864
0.967926
0.7077942
0.78604126
0.69680786
0.9732971
0.59402466
0.0140686035
0.32131958
0.017730713
0.9255676
0.71865845
0.5786438
0.4762268
0.5774231
0.2748108
0.34378052
0.7237854
0.42459106
0.057525635
0.49172974
0.1354065
0.34207153
0.44180298
0.89749146
0.08609009
0.2048645
0.8026428
0.43606567
0.9508362
0.88797
0.51504517
0.9824524
0.104644775
0.26638794
0.95401
0.4116516
0.92251587
0.21511841
0.49453735
0.59866333
0.77944946
0.6091614
0.5116272
0.41848755
0.050445557
0.32351685
0.38027954
0.74612427
0.11050415
0.23318481
0.47549438
0.4565735
0.33462524
0.21316528
0.17227173
0.4248352
0.09780884
0.13845825
0.8456116
0.5259094
0.77505493
0.8840637
0.8705139
0.63479614
0.7413635
0.3249817
0.62197876
0.62649536
0.37173462
0.33621216
0.4750061
0.37600708
0.041168213
0.7927551
0.80459595
0.7583313
0.12466431
0.5696106
0.9857483
0.648468
0.9972229
0.54177856
0.39346313
0.92141724
0.033843994
0.58425903
0.40274048
0.45217896
0.6095276
0.572052
0.38858032
0.115753174
0.09927368
0.38015747
0.72598267
0.7871399
0.8780823
0.88357544
0.7899475
0.3413391
0.32095337
0.9573059
0.95547485
0.65335083
0.80288696
0.47634888
0.5975647
0.59817505
0.69888306
0.31570435
0.09121704
0.050811768
0.38394165
0.3503723
0.8114319
0.886261
0.23306274
0.45535278
0.13320923
0.9795227
0.62124634
0.50564575
0.43154907
0.20559692
0.92349243
0.37625122
0.081451416
0.43948364
0.514801
0.9421692
0.45791626
0.55618286
0.7701721
0.07839966
0.9359436
0.43069458
0.06460571
0.6599426
0.89053345
0.9380188
0.7731018
0.5617981
0.6966858
0.9531555
0.2706604
0.65896606
0.72940063
0.35110474
0.9322815
0.82644653
0.36367798
0.006866455
0.13296509
0.9392395
0.9745178
0.7954407
0.24771118
0.872345
0.93692017
0.5918274
0.6515198
0.50076294
0.625885
0.2710266
0.71939087
0.6994934
0.41641235
0.70803833
0.82632446
0.34353638
0.6835022
0.77786255
0.34732056
0.30789185
0.80215454
0.35549927
0.65737915
0.4675598
0.14736938
0.3159485
0.13150024
0.6975403
0.09414673
0.5342102
0.14468384
0.87283325
0.017486572
0.8852844
0.07192993
0.8684387
0.29238892
0.24417114
0.28823853
0.5593567
0.29385376
0.48587036
0.16860962
0.82058716
0.3968811
0.48538208
0.08804321
0.5271301
0.97647095
0.1177063
0.4215393
0.5539856
0.4076233
0.25784302
0.5440979
0.77615356
0.065338135
0.78079224
0.830719
0.06863403
0.32461548
0.56155396
0.6564026
0.306427
0.5604553
0.47512817
0.39614868
0.36453247
0.14785767
0.3965149
0.42495728
0.11795044
0.4618225
0.20071411
0.11782837
0.4416809
0.87734985
0.76272583
0.84976196
0.21072388
0.7694397
0.95755005
0.99575806
0.30007935
0.51309204
0.66018677
0.93081665
0.5847473
0.48330688
0.745636
0.029937744
0.9397278
0.05508423
0.088897705
0.66812134
0.24002075
0.6034241
0.5649719
0.22036743
0.36062622
0.5033264
0.048858643
0.061676025
0.17654419
0.12979126
0.41555786
0.5670471
0.56277466
0.8578186
0.5400696
0.11148071
0.39431763
0.062408447
0.2973938
0.06997681
0.5461731
0.11856079
0.5625305
0.8175354
0.89334106
0.40127563
0.21047974
0.7291565
0.31082153
0.28555298
0.116241455
0.17984009
0.6736145
0.14639282
0.15481567
0.5445862
0.85672
0.35879517
0.2012024
0.19839478
0.73513794
0.29776
0.13040161
0.51626587
0.18386841
0.33828735
0.81741333
0.87319946
0.07791138
0.8553772
0.13723755
0.64419556
0.29226685
0.22402954
0.96487427
0.20425415
0.7019348
0.8192444
0.17532349
0.92837524
0.18191528
0.016021729
0.6435852
0.19155884
0.60720825
0.18936157
0.24465942
0.36880493
0.8528137
0.7142639
0.85354614
0.8351135
0.7937317
0.96572876
0.34524536
0.9654846
0.30496216
0.3187561
0.5947571
0.13491821
0.26150513
0.14834595
0.4770813
0.7184143
0.5383606
0.8294983
0.867218
0.0909729
0.010528564
0.73721313
0.64016724
0.627594
0.55300903
0.24649048
0.67092896
0.7032776
0.040802002
0.7323303
0.8345032
0.6930237
0.34890747
0.56973267
0.0058898926
0.9718323
0.35232544
0.13369751
0.06008911
0.91470337
0.9260559
0.79922485
0.87210083
0.89663696
0.9450989
0.9413147
0.31692505
0.29263306
0.28445435
0.93496704
0.26956177
0.47769165
0.8191223
0.15518188
0.605011
0.82681274
0.42410278
0.9769592
0.1982727
0.71499634
0.97439575
0.7752991
0.9243469
0.51724243
0.34500122
0.9252014
0.65823364
0.608551
0.4109192
0.80166626
0.27493286
0.36392212
0.04714966
0.7796936
0.6494446
0.15835571
0.12869263
0.23428345
0.6567688
0.3668518
0.5305481
0.5404358
0.17190552
0.3644104
0.12771606
0.073150635
0.06985474
0.5260315
0.79519653
0.20742798
0.22561646
0.22671509
0.4079895
0.31826782
0.5141907
0.8414612
0.841095
0.78067017
0.8105774
0.7452698
0.96951294
0.969635
0.9897766
0.31314087
0.6682434
0.26016235
0.92678833
0.92007446
0.8122864
0.027252197
0.49661255
0.94107056
0.27664185
0.64590454
0.57424927
0.75112915
0.9363098
0.49111938
0.034698486
0.72525024
0.6662903
0.9378967
0.7529602
0.23843384
0.34158325
0.36123657
0.6040344
0.66567993
0.8371887
0.13613892
0.46292114
0.38198853
0.02810669
0.63760376
0.20462036
0.7623596
0.78933716
0.2406311
0.7041321
0.18179321
0.9958801
0.32022095
0.8364563
0.015289307
0.5227356
0.2513733
0.47659302
0.6378479
0.24490356
0.40908813
0.49954224
0.424469
0.037384033
0.16836548
0.78030396
0.7501526
0.775177
0.9042053
0.19387817
0.9898987
0.33328247
0.99160767
0.6152649
0.5187073
0.58670044
0.8055725
0.9194641
0.71157837
0.4104309
0.72109985
0.98147583
0.94351196
0.6794739
0.1131897
0.67630005
0.58950806
0.26882935
0.35684204
0.87893677
0.02456665
0.053497314
0.8270569
0.464386
0.62368774
0.9084778
0.8988342
0.3076477
0.76187134
0.70877075
0.9471741
0.28372192
0.81411743
0.32937622
0.34707642
0.26760864
0.15542603
0.6452942
0.47354126
0.13430786
0.16079712
0.53152466
0.7015686
0.7588196
0.20523071
0.8630676
0.40615845
0.016143799
0.6637268
0.5149231
0.9623108
0.7812805
0.9112854
0.36209106
0.74502563
0.92922974
0.3229065
0.27957153
0.12930298
0.33499146
0.2735901
0.1423645
0.49014282
0.8735657
0.13833618
0.82547
0.20254517
0.4199524
0.29214478
0.20388794
0.64151
0.8491516
0.11001587
0.15261841
0.18203735
0.03616333
0.96694946
0.5466614
0.1991272
0.85598755
0.23794556
0.26101685
0.06777954
0.18362427
0.29800415
0.17068481
0.16299438
0.8940735
0.52212524
0.15066528
0.8597717
0.8623352
0.28530884
0.07595825
0.5331116
0.9634094
0.96255493
0.8215637
0.5580139
0.07229614
0.9288635
0.2624817
0.30947876
0.06399536
0.5592346
0.27371216
0.1625061
0.8135071
0.22866821
0.7302551
0.49209595
0.1958313
0.3121643
0.5071106
0.6732483
0.08596802
0.1847229
0.47927856
0.080963135
0.35891724
0.221344
0.52175903
0.09024048
0.88967896
0.7970276
0.509552
0.07608032
0.5532532
0.28677368
0.31765747
0.41348267
0.2246399
0.065582275
0.82107544
0.4774475
0.7788391
0.50845337
0.8948059
0.64297485
0.09085083
0.99038696
0.41384888
0.2850647
0.03567505
0.88638306
0.25320435
0.77871704
0.48831177
0.57144165
0.2878723
0.49893188
0.323761
0.42056274
0.39285278
0.8207092
0.4170227
0.80874634
0.44314575
0.11904907
0.6430969
0.11099243
0.31375122
0.7689514
0.87698364
0.702301
0.8796692
0.14541626
0.99368286
0.9576721
0.015899658
0.6234436
0.8681946
0.2521057
0.5974426
0.57803345
0.3755188
0.9606018
0.4992981
0.3841858
0.39065552
0.4581604
0.59646606
0.41690063
0.78860474
0.119781494
0.76394653
0.05117798
0.44436646
0.3204651
0.8767395
0.6620178
0.23294067
0.43521118
0.809845
0.62442017
0.029327393
0.8390198
0.43826294
0.313385
0.7085266
0.90689087
0.6369934
0.10391235
0.14553833
0.013824463
0.28103638
0.3710022
0.21536255
0.53482056
0.24539185
0.48965454
0.79299927
0.84487915
0.4050598
0.8348694
0.7534485
0.31900024
0.6350403
0.7816467
0.9717102
0.33218384
0.81033325
0.7049866
0.32278442
0.25942993
0.8059387
0.9798889
0.68167114
0.47573853
0.4968567
0.98135376
0.92337036
0.35610962
0.75808716
0.0843811
0.9228821
0.2755432
0.46463013
0.66397095
0.5552063
0.6090393
0.4914856
0.09512329
0.695343
0.7315979
0.71365356
0.75283813
0.21829224
0.018218994
0.006134033
0.0121154785
0.99905396
0.8439026
0.243927
0.24795532
0.9126282
0.5836487
0.30203247
0.83535767
0.8340149
0.6124573
0.05545044
0.14932251
0.6382141
0.30532837
0.3791809
0.56484985
0.20022583
0.037261963
0.14822388
0.4569397
0.39505005
0.18325806
0.23757935
0.20059204
0.09768677
0.11831665
0.5222473
0.17080688
0.18313599
0.21743774
0.8772278
0.7425842
0.5263977
0.85562134
0.17752075
0.29092407
0.0024719238
0.40786743
0.29812622
0.19082642
0.48635864
0.24917603
0.11404419
0.81729126
0.85305786
0.7545471
0.50027466
0.5453186
0.9775696
0.2989807
0.33181763
0.74990845
0.7348938
0.2574768
0.4836731
0.8060608
3.0517578E-5
0.0050354004
0.83084106
0.088775635
0.64797974
0.9166565
0.24832153
0.973053
0.55374146
0.3673401
0.6111145
0.8338928
0.5923157
0.7320862
0.79422
0.046295166
0.6387024
0.38589478
0.67263794
0.98526
0.5679016
0.70376587
0.12136841
0.025787354
0.25491333
0.060699463
0.015411377
0.5428772
0.57473755
0.83169556
0.22976685
0.91152954
0.40237427
0.39175415
0.6394348
0.5067444
0.6128235
0.115875244
0.11941528
0.7035217
0.081085205
0.37905884
0.54470825
0.8768616
0.6821594
0.55630493
0.7903137
0.40176392
0.29104614
0.022613525
0.7312317
0.65322876
0.78274536
0.15298462
0.24246216
0.0062561035
0.03225708
0.3224182
0.19900513
0.83584595
0.9145813
0.9059143
0.4758606
0.5169983
0.30471802
0.2784729
0.94802856
0.42471313
0.07766724
0.815094
0.49050903
0.9339905
0.108428955
0.8907776
0.978302
0.41983032
0.27200317
0.8805237
0.28640747
0.25723267
0.4433899
0.15933228
0.28982544
0.8211975
0.4975891
0.10220337
0.8635559
0.48672485
0.30960083
0.08413696
0.8825989
0.6288147
0.75442505
0.48013306
0.22195435
0.62246704
0.70706177
0.66519165
0.7566223
0.8426819
0.042510986
0.014312744
0.36160278
0.6644592
0.6357727
0.90249634
0.91189575
0.46279907
0.36184692
0.70474243
0.28250122
0.6127014
0.09573364
0.796051
0.3484192
0.48916626
0.71243286
0.5514221
0.98464966
0.4671936
0.08694458
0.3458557
0.06619263
0.92178345
0.0942688
0.5543518
0.4680481
0.22793579
0.6094055
0.5519104
0.065216064
0.76065063
0.50735474
0.7135315
0.73269653
0.894928
0.66311646
0.4142151
0.3454895
0.0057678223
0.9516907
0.028961182
0.778595
0.46817017
0.2480774
0.9327698
0.90701294
0.657135
0.4272766
0.50064087
0.6057434
0.94766235
0.36428833
0.10757446
0.7497864
0.7147522
0.93411255
0.12857056
0.21414185
0.33340454
0.011749268
0.93862915
0.8738098
0.17861938
0.4721985
0.91275024
0.6037903
0.6253967
0.1904602
0.42593384
0.27908325
0.048736572
0.041534424
0.85317993
0.7746887
0.8236389
0.90042114
0.5694885
0.9656067
0.32510376
0.64212036
0.9498596
0.72683716
0.9281311
0.14163208
0.3692932
0.9333801
0.0077209473
0.2739563
0.2027893
0.4602356
0.9388733
0.914093
0.8253479
0.18240356
0.096588135
0.93704224
0.611969
0.97488403
0.8558655
0.21780396
0.9376526
0.712677
0.5917053
0.6313782
0.17739868
0.27078247
0.67910767
0.052764893
0.7062073
0.52420044
0.4930725
0.3569641
0.89907837
0.3479309
0.40859985
0.41897583
0.13101196
0.6169739
0.8006897
0.11380005
0.77700806
0.20632935
0.04434204
0.31643677
0.21206665
0.9909973
0.5145569
0.901886
0.81118774
0.8459778
0.5863342
0.7451477
0.94937134
0.64627075
0.6346741
0.7212219
0.0016174316
0.26687622
0.034576416
0.70510864
0.34292603
0.5827942
0.16104126
0.57180786
0.34829712
0.46902466
0.3890686
0.19631958
0.3927307
0.8005676
0.09365845
0.4536438
0.8512268
0.4524231
0.6498108
0.21878052
0.0987854
0.29959106
0.43252563
0.36672974
0.5104065
0.21707153
0.816803
0.77249146
0.4610901
0.0798645
0.17764282
0.31106567
0.32583618
0.76297
0.89004517
0.8574524
0.47964478
0.14138794
0.32901
0.2866516
0.29751587
0.09011841
0.86953735
0.47366333
0.15444946
0.48416138
0.8866272
0.29348755
0.42544556
0.19851685
0.75527954
0.62112427
0.48550415
0.108184814
0.8504944
0.3315735
0.70962524
0.08816528
0.5472717
0.2998352
0.47280884
0.013458252
0.22061157
0.40090942
0.15005493
0.7590637
0.24551392
0.50979614
0.116363525
0.19998169
0.99697876
0.50149536
0.7467346
0.21121216
0.8500061
0.25100708
0.4161682
0.6677551
0.17959595
0.6333313
0.4996643
0.4446106
0.3607483
0.523468
0.3722229
0.41677856
0.76846313
0.79641724
0.408844
0.45925903
0.7777405
0.32717896
0.9845276
0.447052
0.7635803
0.9907532
0.47427368
0.25515747
0.100982666
0.6621399
0.25308228
0.75857544
0.16494751
0.21633911
0.69595337
0.8323059
0.33047485
0.52835083
0.17788696
0.35134888
0.9725647
0.47317505
0.07388306
0.19070435
0.46621704
0.92581177
0.75894165
0.22537231
0.18643188
0.761261
0.60806274
0.33035278
0.5082092
0.8545227
0.99624634
0.38064575
0.8065491
0.080596924
0.29849243
0.25125122
0.45645142
0.31448364
0.889801
0.8171692
0.83291626
0.43118286
0.14517212
0.95339966
0.3109436
0.30569458
0.4396057
0.5349426
0.26553345
0.8130188
0.1481018
0.4367981
0.07168579
0.8281555
0.6456604
0.53396606
0.104400635
0.22610474
0.3072815
0.70144653
0.738678
0.88186646
0.5079651
0.8142395
0.34951782
0.6704407
0.6227112
0.747345
0.31192017
0.4668274
0.026519775
0.37576294
8.8500977E-4
0.14602661
0.09439087
0.5744934
0.79141235
0.58303833
0.20132446
0.21853638
0.058502197
0.65286255
0.72232056
0.18289185
0.17715454
0.23049927
0.03237915
0.3425598
0.5223694
0.19094849
0.50650024
0.5725403
0.46914673
0.4092102
0.51968384
0.74783325
0.39248657
0.7602844
0.44692993
0.7434387
0.6673889
0.11917114
0.6632385
0.4343567
0.66885376
0.36087036
0.5436096
0.69558716
0.7718811
0.36038208
0.4630432
0.40213013
0.35147095
0.9927063
0.7965393
0.4289856
0.7826233
0.13284302
0.9190979
0.65115356
0.44033813
0.65579224
0.205719
0.94363403
0.6996155
0.43655396
0.031402588
0.181427
0.9354553
0.35012817
0.7711487
0.23953247
0.52285767
0.2715149
0.7999573
0.99295044
0.8368225
0.07571411
0.49282837
0.3166809
0.25234985
0.63772583
0.22476196
0.08572388
0.1444397
0.83255005
0.37075806
0.17507935
0.88809204
0.53518677
0.30581665
0.4597473
0.8583069
0.620636
0.40493774
0.8147278
0.43008423
0.9638977
0.043121338
0.11502075
0.9784241
0.43997192
0.59536743
0.23562622
0.8783264
0.92385864
0.43667603
0.05154419
0.50479126
0.29055786
0.9420471
0.43777466
0.2328186
0.41506958
0.4864807
0.26931763
0.43740845
0.1723938
0.4449768
0.4211731
0.4935608
0.43753052
0.1925354
0.76834106
0.77627563
0.08547974
0.104156494
0.18582153
0.660553
0.99124146
0.5548401
0.5486145
0.5213928
0.029815674
0.9195862
0.73172
0.73379517
0.07620239
0.5733948
0.61013794
0.67276
0.0054016113
0.89126587
0.05886841
0.71328735
0.69241333
0.24819946
0.9529114
0.2303772
0.012237549
0.019195557
0.16726685
0.59902954
0.83987427
0.57925415
0.5769348
0.19424438
0.050323486
0.30337524
0.056915283
0.39102173
0.5185852
0.56655884
0.48220825
0.5643616
0.119659424
0.74380493
0.7278137
0.089263916
0.72854614
0.21011353
0.6687317
0.34072876
0.22024536
0.34048462
0.17996216
0.6937561
0.46975708
0.5099182
0.13650513
0.52334595
0.3520813
0.09341431
0.4133606
0.20449829
0.742218
0.4659729
0.88552856
0.112213135
0.51516724
0.0025939941
0.42800903
0.6214905
0.54592896
0.07827759
0.915802
0.10733032
0.7095032
0.06802368
0.22390747
0.94473267
0.8808899
0.34683228
0.22732544
0.5086975
0.9350891
0.28970337
0.8010559
0.17422485
0.74710083
0.27163696
0.8200989
0.3163147
0.19192505
0.66763306
0.15945435
0.30996704
0.14456177
0.85269165
0.6941223
0.5301819
0.480011
0.20181274
0.29910278
0.35195923
0.073272705
0.08999634
0.84939575
0.15029907
0.7993469
0.89224243
0.22000122
0.30020142
0.53323364
0.983551
0.2859192
0.17666626
0.14993286
0.7389221
0.92214966
0.1546936
0.5244446
0.5333557
0.003692627
0.60928345
0.5317688
0.7418518
0.4055481
0.9154358
0.046905518
0.7394104
0.0027160645
0.44815063
0.94485474
0.9010315
0.67019653
0.582428
0.100616455
0.6017151
0.2829895
0.6932678
0.38919067
0.21646118
0.716095
0.15567017
0.6855774
0.120269775
0.84451294
0.344635
0.8647766
0.68814087
0.5432434
0.63516235
0.80178833
0.29507446
0.6872864
0.4022522
0.37161255
0.31607056
0.15164185
0.020904541
0.44924927
0.12612915
0.8113098
0.8661194
0.9096985
0.100250244
0.5412903
0.31289673
0.6279602
0.61343384
0.21658325
0.7362366
0.47903442
0.04067993
0.7121887
0.5111389
0.33792114
0.7569885
0.9031067
0.01260376
0.07962036
0.13735962
0.66433716
0.6156311
0.5791321
0.5567932
0.8708801
0.69522095
0.7114563
0.3902893
0.3977356
0.6263733
0.35159302
0.0128479
0.119903564
0.78408813
0.37454224
0.799469
0.91238403
0.5433655
0.65530396
0.12515259
0.650177
0.27920532
0.068878174
0.36489868
0.20828247
0.36660767
0.4902649
0.8937073
0.46170044
0.18057251
0.7944641
0.08657837
0.2854309
0.09609985
0.85647583
0.31851196
0.5544739
0.4881897
0.55130005
0.96450806
0.14382935
0.73184204
0.75393677
0.39956665
0.9284973
0.20205688
0.339386
0.99868774
0.7834778
0.27383423
0.1826477
0.13687134
0.58377075
0.32217407
0.15872192
0.18911743
0.20437622
0.7220764
0.14260864
0.530426
0.5202942
0.84854126
0.009307861
0.5357971
0.40652466
0.0765686
0.6338196
0.5802307
0.7380676
0.78115845
0.8911438
0.038726807
0.3899231
0.3373108
0.6562805
0.2862854
0.23709106
0.120025635
0.80422974
0.6979065
0.15457153
0.504303
0.20999146
0.6485901
0.017364502
0.8651428
0.7485657
0.5133362
0.70047
0.57754517
0.2949524
0.6671448
0.07888794
0.01651001
0.7241516
0.48501587
0.027618408
0.55703735
0.91116333
0.34194946
0.42166138
0.5741272
0.73098755
0.61294556
0.13601685
0.44277954
0.058624268
0.67300415
0.045684814
0.5379944
0.7690735
0.89712524
0.025665283
0.23477173
0.7373352
0.66030884
0.95095825
0.9081116
0.8384094
0.33755493
0.6965637
0.9330139
0.94729614
0.30386353
0.13748169
0.68447876
0.93899536
0.9342346
0.14871216
0.5375061
0.6885071
0.6036682
0.6052551
0.86709595
0.0708313
0.6871643
0.3821106
0.04824829
0.960968
0.5597229
0.35427856
0.45596313
0.23391724
0.596344
0.39675903
0.46524048
0.76467896
0.17202759
0.384552
0.45108032
0.42825317
0.6617737
0.19265747
0.78848267
0.09963989
0.44058228
0.69607544
0.8524475
0.6538391
0.88345337
0.7698059
0.017974854
0.96585083
0.36538696
0.28884888
0.6600647
0.91067505
0.26138306
0.12820435
0.15371704
0.36331177
0.94644165
0.16287231
0.8739319
0.19876099
0.79556274
0.26785278
0.19570923
0.2920227
0.18374634
0.31814575
0.49404907
0.5180969
0.48599243
0.18875122
0.14395142
0.75198364
0.077301025
0.7546692
0.52041626
0.86868286
0.33267212
0.89089966
0.9984436
0.7431946
0.6271057
0.47244263
0.95303345
0.2505188
0.3356018
0.3742981
0.7591858
0.26565552
0.8331604
0.47146606
0.79190063
0.66360474
0.4947815
0.63894653
0.42617798
0.31936646
0.6954651
0.7517395
0.037017822
0.107940674
0.8102112
0.684845
0.99942017
0.9043274
0.21401978
0.31326294
0.688385
0.5835266
0.28189087
0.5119934
0.47891235
0.02053833
0.38882446
0.15603638
0.7460022
0.09036255
0.90982056
0.120391846
0.86465454
0.66799927
0.21987915
0.2800598
0.20986938
0.6284485
0.69400024
0.5100403
0.15664673
0.8467102
0.70718384
0.68533325
0.07998657
0.19778442
0.63442993
0.6809387
0.35488892
0.55667114
0.8507385
0.3718567
0.35635376
0.79837036
0.7311096
0.63308716
0.4593811
0.7978821
0.6505432
0.33963013
0.038970947
0.4302063
0.9840393
0.3664856
0.4701233
0.570343
0.1065979
0.58865356
0.12783813
0.09329224
0.393219
0.88113403
0.38711548
0.87405396
0.21890259
0.118927
0.6229553
0.7876282
0.9586487
0.17703247
0.21035767
0.7090149
0.9874573
0.93045044
0.5243225
0.5132141
0.68032837
0.2541809
0.93984985
0.07522583
0.41226196
0.023223877
0.8319397
0.27005005
0.55825806
0.112579346
0.57559204
0.97268677
0.49331665
0.3972473
0.5458069
0.058135986
0.59243774
0.7522278
0.11758423
0.4013977
0.23062134
0.052520752
0.6659241
0.8774719
0.78286743
0.17312622
0.5658264
0.36135864
0.624176
0.9890442
0.19229126
0.72805786
0.12954712
0.37527466
0.9203186
0.8525696
0.6739807
0.20681763
0.12490845
0.6098938
0.6324768
0.3586731
0.18106079
0.8750305
0.3800354
0.70584106
0.46377563
0.52297974
0.2916565
0.12332153
0.34805298
0.42874146
0.7423401
0.4861145
0.20889282
0.46731567
0.10708618
0.66922
0.42129517
0.5137024
0.7608948
0.54763794
0.36026
0.4429016
0.07876587
0.9963684
0.40078735
0.12991333
0.43569946
0.8904114
0.9178772
0.44973755
0.20669556
0.104766846
0.28652954
0.27737427
0.76675415
0.5144348
0.8817444
0.4878235
0.49087524
0.9944153
0.07852173
0.9560852
0.75405884
0.41970825
0.25186157
0.5571594
0.93130493
0.6653137
0.7767639
0.16604614
0.39761353
0.6062317
0.02822876
0.65774536
0.5279846
0.11746216
0.3812561
0.9072571
0.6974182
0.07400513
0.21084595
0.7895813
0.2809143
0.3508606
0.8919983
0.17971802
0.6534729
0.82302856
0.79971313
0.95266724
0.190094
0.36550903
0.30899048
0.98342896
0.2657776
0.853302
0.7948303
0.14700317
0.25552368
0.16140747
0.63223267
0.3183899
0.5343323
0.16482544
0.19619751
0.3725891
0.47720337
0.7385559
0.86172485
0.18460083
0.45913696
0.7575989
0.0038146973
0.62942505
0.85513306
0.096954346
0.99746704
0.58206177
0.04019165
0.6316223
0.21768188
0.917511
0.38931274
0.23660278
0.03945923
0.5107727
0.27749634
0.78689575
0.8377991
0.23684692
0.07974243
0.15750122
0.9877014
0.97073364
0.17105103
0.22341919
0.86416626
0.58743286
0.9264221
0.85964966
0.8421936
0.9619446
0.7208557
0.9411926
0.29678345
0.9692688
0.9293518
0.3430481
0.6029358
0.48440552
0.9269104
0.94021606
0.13565063
0.38235474
0.088531494
0.60769653
0.26992798
0.53811646
0.7892151
0.2204895
0.38076782
0.8266907
0.40396118
0.653595
0.84317017
0.12307739
0.30776978
0.78201294
0.03213501
0.3022766
0.87564087
0.4807434
0.32266235
0.23928833
0.48257446
0.6247864
0.0897522
0.80911255
0.50357056
0.089141846
0.70840454
0.88674927
0.31362915
0.7488098
0.5536194
0.3471985
0.28775024
0.47879028
3.9672852E-4
0.065460205
0.80093384
0.15408325
0.42373657
0.9165344
0.22817993
0.6496887
0.19863892
0.77542114
0.9444885
0.8406067
0.70010376
0.51712036
0.32485962
0.60183716
0.3031311
0.01663208
0.7442932
0.8083801
0.38272095
0.1489563
0.5777893
0.3352356
0.3138733
0.789093
0.2003479
0.057403564
0.47158813
0.81204224
0.986969
0.84988403
0.23086548
0.092803955
0.3126526
0.587677
0.9667053
0.5063782
0.5523987
0.14578247
0.054107666
0.9277649
0.081207275
0.39920044
0.8680725
0.23196411
0.27407837
0.22293091
0.78359985
0.29397583
0.50601196
0.49197388
0.1756897
0.98880005
0.15200806
0.081329346
0.41934204
0.19143677
0.58706665
0.8659973
0.8895569
0.776886
0.18618774
0.7209778
0.9613342
0.6201477
0.32437134
0.52127075
0.009674072
0.5962219
0.37661743
0.14187622
0.40957642
0.58010864
0.717926
0.4577942
0.53604126
0.44680786
0.7232971
0.34402466
0.7640686
0.07131958
0.7677307
0.6755676
0.46865845
0.3286438
0.2262268
0.3274231
0.024810791
0.09378052
0.4737854
0.17459106
0.80752563
0.24172974
0.8854065
0.09207153
0.19180298
0.64749146
0.8360901
0.9548645
0.5526428
0.18606567
0.7008362
0.63797
0.26504517
0.7324524
0.8546448
0.01638794
0.70401
0.16165161
0.67251587
0.9651184
0.24453735
0.34866333
0.52944946
0.35916138
0.2616272
0.16848755
0.80044556
0.073516846
0.13027954
0.49612427
0.86050415
0.9831848
0.22549438
0.20657349
0.084625244
0.9631653
0.9222717
0.1748352
0.84780884
0.88845825
0.5956116
0.27590942
0.52505493
0.6340637
0.6205139
0.38479614
0.49136353
0.07498169
0.37197876
0.37649536
0.12173462
0.08621216
0.2250061
0.12600708
0.7911682
0.5427551
0.55459595
0.5083313
0.8746643
0.3196106
0.7357483
0.39846802
0.7472229
0.29177856
0.14346313
0.67141724
0.783844
0.33425903
0.15274048
0.20217896
0.3595276
0.322052
0.13858032
0.8657532
0.8492737
0.13015747
0.47598267
0.5371399
0.6280823
0.63357544
0.5399475
0.09133911
0.07095337
0.7073059
0.70547485
0.40335083
0.55288696
0.22634888
0.3475647
0.34817505
0.44888306
0.065704346
0.84121704
0.80081177
0.13394165
0.100372314
0.5614319
0.636261
0.98306274
0.20535278
0.8832092
0.7295227
0.37124634
0.25564575
0.18154907
0.9555969
0.67349243
0.12625122
0.8314514
0.18948364
0.26480103
0.6921692
0.20791626
0.30618286
0.5201721
0.82839966
0.6859436
0.18069458
0.8146057
0.40994263
0.64053345
0.6880188
0.5231018
0.3117981
0.4466858
0.7031555
0.0206604
0.40896606
0.47940063
0.10110474
0.6822815
0.57644653
0.11367798
0.75686646
0.8829651
0.6892395
0.7245178
0.5454407
0.9977112
0.622345
0.68692017
0.3418274
0.40151978
0.25076294
0.375885
0.021026611
0.46939087
0.4494934
0.16641235
0.45803833
0.57632446
0.09353638
0.4335022
0.52786255
0.09732056
0.057891846
0.55215454
0.10549927
0.40737915
0.21755981
0.8973694
0.06594849
0.88150024
0.44754028
0.8441467
0.2842102
0.89468384
0.62283325
0.7674866
0.6352844
0.82192993
0.6184387
0.042388916
0.99417114
0.038238525
0.3093567
0.04385376
0.23587036
0.9186096
0.57058716
0.1468811
0.23538208
0.8380432
0.27713013
0.72647095
0.8677063
0.1715393
0.3039856
0.15762329
0.007843018
0.2940979
0.52615356
0.81533813
0.53079224
0.580719
0.81863403
0.07461548
0.31155396
0.4064026
0.056427002
0.31045532
0.22512817
0.14614868
0.11453247
0.89785767
0.1465149
0.17495728
0.86795044
0.21182251
0.9507141
0.86782837
0.19168091
0.62734985
0.51272583
0.59976196
0.9607239
0.5194397
0.70755005
0.74575806
0.050079346
0.26309204
0.41018677
0.68081665
0.3347473
0.23330688
0.495636
0.77993774
0.6897278
0.8050842
0.8388977
0.41812134
0.99002075
0.35342407
0.31497192
0.97036743
0.11062622
0.25332642
0.79885864
0.811676
0.9265442
0.87979126
0.16555786
0.31704712
0.31277466
0.6078186
0.29006958
0.8614807
0.14431763
0.81240845
0.0473938
0.8199768
0.2961731
0.8685608
0.31253052
0.5675354
0.64334106
0.15127563
0.96047974
0.4791565
0.060821533
0.03555298
0.86624146
0.9298401
0.4236145
0.8963928
0.9048157
0.29458618
0.60672
0.108795166
0.9512024
0.9483948
0.48513794
0.04776001
0.8804016
0.26626587
0.9338684
0.08828735
0.56741333
0.62319946
0.8279114
0.6053772
0.88723755
0.39419556
0.042266846
0.97402954
0.71487427
0.95425415
0.4519348
0.5692444
0.9253235
0.67837524
0.9319153
0.7660217
0.3935852
0.94155884
0.35720825
0.9393616
0.9946594
0.11880493
0.6028137
0.46426392
0.60354614
0.5851135
0.5437317
0.71572876
0.09524536
0.7154846
0.05496216
0.0687561
0.34475708
0.8849182
0.011505127
0.89834595
0.2270813
0.4684143
0.2883606
0.5794983
0.617218
0.8409729
0.76052856
0.48721313
0.39016724
0.377594
0.30300903
0.9964905
0.42092896
0.4532776
0.790802
0.48233032
0.5845032
0.44302368
0.09890747
0.31973267
0.7558899
0.7218323
0.10232544
0.8836975
0.8100891
0.66470337
0.6760559
0.54922485
0.62210083
0.64663696
0.6950989
0.6913147
0.06692505
0.042633057
0.034454346
0.68496704
0.019561768
0.22769165
0.5691223
0.9051819
0.355011
0.57681274
0.17410278
0.7269592
0.9482727
0.46499634
0.72439575
0.5252991
0.6743469
0.26724243
0.09500122
0.6752014
0.40823364
0.35855103
0.16091919
0.55166626
0.024932861
0.11392212
0.79714966
0.5296936
0.39944458
0.9083557
0.8786926
0.98428345
0.4067688
0.11685181
0.2805481
0.2904358
0.9219055
0.1144104
0.87771606
0.82315063
0.81985474
0.2760315
0.54519653
0.957428
0.97561646
0.9767151
0.1579895
0.06826782
0.26419067
0.5914612
0.591095
0.53067017
0.5605774
0.49526978
0.71951294
0.719635
0.7397766
0.06314087
0.4182434
0.0101623535
0.67678833
0.67007446
0.5622864
0.7772522
0.24661255
0.69107056
0.026641846
0.39590454
0.32424927
0.50112915
0.6863098
0.24111938
0.7846985
0.47525024
0.41629028
0.6878967
0.5029602
0.98843384
0.09158325
0.11123657
0.35403442
0.41567993
0.5871887
0.8861389
0.21292114
0.13198853
0.7781067
0.38760376
0.95462036
0.5123596
0.53933716
0.9906311
0.45413208
0.9317932
0.7458801
0.07022095
0.5864563
0.7652893
0.2727356
0.001373291
0.22659302
0.3878479
0.99490356
0.15908813
0.24954224
0.174469
0.78738403
0.9183655
0.53030396
0.5001526
0.525177
0.6542053
0.9438782
0.7398987
0.08328247
0.74160767
0.3652649
0.26870728
0.33670044
0.5555725
0.6694641
0.46157837
0.16043091
0.47109985
0.73147583
0.69351196
0.42947388
0.8631897
0.42630005
0.33950806
0.018829346
0.10684204
0.62893677
0.77456665
0.8034973
0.5770569
0.21438599
0.37368774
0.6584778
0.6488342
0.057647705
0.51187134
0.45877075
0.6971741
0.033721924
0.56411743
0.07937622
0.097076416
0.017608643
0.905426
0.3952942
0.22354126
0.88430786
0.9107971
0.28152466
0.4515686
0.5088196
0.9552307
0.6130676
0.15615845
0.7661438
0.4137268
0.2649231
0.7123108
0.5312805
0.6612854
0.112091064
0.49502563
0.67922974
0.072906494
0.029571533
0.879303
0.084991455
0.023590088
0.8923645
0.24014282
0.6235657
0.8883362
0.57547
0.95254517
0.1699524
0.042144775
0.95388794
0.39151
0.5991516
0.86001587
0.9026184
0.93203735
0.78616333
0.71694946
0.29666138
0.9491272
0.60598755
0.98794556
0.011016846
0.81777954
0.93362427
0.04800415
0.9206848
0.9129944
0.6440735
0.27212524
0.9006653
0.6097717
0.6123352
0.035308838
0.82595825
0.28311157
0.7134094
0.71255493
0.5715637
0.30801392
0.82229614
0.6788635
0.012481689
0.05947876
0.81399536
0.30923462
0.023712158
0.9125061
0.5635071
0.9786682
0.48025513
0.24209595
0.9458313
0.062164307
0.2571106
0.4232483
0.835968
0.9347229
0.22927856
0.83096313
0.10891724
0.971344
0.27175903
0.8402405
0.63967896
0.5470276
0.259552
0.8260803
0.30325317
0.03677368
0.06765747
0.16348267
0.9746399
0.8155823
0.57107544
0.22744751
0.5288391
0.25845337
0.6448059
0.39297485
0.84085083
0.74038696
0.16384888
0.035064697
0.78567505
0.63638306
0.0032043457
0.52871704
0.23831177
0.32144165
0.037872314
0.24893188
0.07376099
0.17056274
0.14285278
0.5707092
0.1670227
0.55874634
0.19314575
0.8690491
0.39309692
0.86099243
0.06375122
0.5189514
0.62698364
0.45230103
0.6296692
0.89541626
0.74368286
0.7076721
0.76589966
0.3734436
0.6181946
0.002105713
0.34744263
0.32803345
0.1255188
0.7106018
0.2492981
0.13418579
0.14065552
0.2081604
0.34646606
0.16690063
0.53860474
0.8697815
0.51394653
0.801178
0.19436646
0.07046509
0.6267395
0.41201782
0.9829407
0.18521118
0.559845
0.37442017
0.7793274
0.5890198
0.18826294
0.06338501
0.4585266
0.65689087
0.3869934
0.85391235
0.89553833
0.76382446
0.031036377
0.1210022
0.96536255
0.28482056
0.99539185
0.23965454
0.54299927
0.59487915
0.15505981
0.5848694
0.5034485
0.069000244
0.38504028
0.5316467
0.7217102
0.08218384
0.56033325
0.45498657
0.072784424
0.009429932
0.5559387
0.7298889
0.43167114
0.22573853
0.24685669
0.73135376
0.67337036
0.10610962
0.50808716
0.8343811
0.6728821
0.025543213
0.21463013
0.41397095
0.3052063
0.3590393
0.2414856
0.8451233
0.44534302
0.4815979
0.46365356
0.50283813
0.96829224
0.768219
0.75613403
0.7621155
0.74905396
0.5939026
0.993927
0.9979553
0.6626282
0.33364868
0.05203247
0.58535767
0.5840149
0.36245728
0.80545044
0.8993225
0.3882141
0.05532837
0.12918091
0.31484985
0.95022583
0.78726196
0.8982239
0.2069397
0.14505005
0.93325806
0.98757935
0.95059204
0.84768677
0.86831665
0.2722473
0.9208069
0.933136
0.96743774
0.6272278
0.49258423
0.2763977
0.60562134
0.92752075
0.040924072
0.7524719
0.15786743
0.04812622
0.9408264
0.23635864
0.999176
0.8640442
0.56729126
0.60305786
0.5045471
0.25027466
0.2953186
0.7275696
0.048980713
0.08181763
0.49990845
0.4848938
0.0074768066
0.2336731
0.5560608
0.7500305
0.7550354
0.58084106
0.83877563
0.39797974
0.6666565
0.99832153
0.723053
0.30374146
0.11734009
0.3611145
0.5838928
0.34231567
0.48208618
0.54422
0.79629517
0.3887024
0.13589478
0.42263794
0.73526
0.3179016
0.45376587
0.8713684
0.77578735
0.00491333
0.81069946
0.7654114
0.2928772
0.32473755
0.58169556
0.97976685
0.66152954
0.15237427
0.14175415
0.3894348
0.25674438
0.3628235
0.86587524
0.8694153
0.45352173
0.8310852
0.12905884
0.29470825
0.6268616
0.43215942
0.30630493
0.5403137
0.15176392
0.041046143
0.7726135
0.4812317
0.40322876
0.53274536
0.9029846
0.99246216
0.7562561
0.7822571
0.07241821
0.9490051
0.58584595
0.6645813
0.6559143
0.2258606
0.2669983
0.054718018
0.0284729
0.69802856
0.17471313
0.82766724
0.565094
0.24050903
0.6839905
0.85842896
0.6407776
0.728302
0.16983032
0.022003174
0.6305237
0.03640747
0.007232666
0.1933899
0.9093323
0.03982544
0.5711975
0.24758911
0.85220337
0.6135559
0.23672485
0.05960083
0.83413696
0.6325989
0.3788147
0.50442505
0.23013306
0.97195435
0.37246704
0.45706177
0.41519165
0.5066223
0.5926819
0.792511
0.76431274
0.11160278
0.41445923
0.3857727
0.65249634
0.66189575
0.21279907
0.111846924
0.45474243
0.03250122
0.36270142
0.84573364
0.546051
0.09841919
0.23916626
0.46243286
0.30142212
0.73464966
0.2171936
0.8369446
0.09585571
0.8161926
0.67178345
0.8442688
0.3043518
0.2180481
0.9779358
0.35940552
0.3019104
0.81521606
0.51065063
0.25735474
0.4635315
0.48269653
0.644928
0.41311646
0.16421509
0.0954895
0.7557678
0.7016907
0.7789612
0.528595
0.21817017
0.9980774
0.6827698
0.65701294
0.407135
0.17727661
0.25064087
0.3557434
0.69766235
0.11428833
0.85757446
0.49978638
0.4647522
0.68411255
0.87857056
0.96414185
0.08340454
0.76174927
0.68862915
0.6238098
0.9286194
0.22219849
0.66275024
0.35379028
0.37539673
0.9404602
0.17593384
0.029083252
0.7987366
0.7915344
0.60317993
0.5246887
0.5736389
0.65042114
0.31948853
0.7156067
0.07510376
0.39212036
0.6998596
0.47683716
0.6781311
0.8916321
0.11929321
0.6833801
0.75772095
0.023956299
0.9527893
0.2102356
0.6888733
0.664093
0.5753479
0.93240356
0.84658813
0.68704224
0.361969
0.72488403
0.6058655
0.96780396
0.6876526
0.462677
0.34170532
0.38137817
0.9273987
0.02078247
0.42910767
0.8027649
0.45620728
0.27420044
0.24307251
0.10696411
0.64907837
0.09793091
0.15859985
0.16897583
0.88101196
0.36697388
0.5506897
0.86380005
0.52700806
0.95632935
0.79434204
0.06643677
0.96206665
0.7409973
0.26455688
0.651886
0.56118774
0.5959778
0.33633423
0.4951477
0.69937134
0.39627075
0.38467407
0.47122192
0.75161743
0.01687622
0.7845764
0.45510864
0.092926025
0.3327942
0.91104126
0.32180786
0.09829712
0.21902466
0.1390686
0.9463196
0.14273071
0.5505676
0.84365845
0.2036438
0.6012268
0.2024231
0.3998108
0.9687805
0.8487854
0.049591064
0.18252563
0.11672974
0.2604065
0.96707153
0.566803
0.52249146
0.21109009
0.8298645
0.9276428
0.061065674
0.07583618
0.51297
0.64004517
0.6074524
0.22964478
0.89138794
0.07901001
0.03665161
0.04751587
0.8401184
0.61953735
0.22366333
0.90444946
0.23416138
0.6366272
0.04348755
0.17544556
0.94851685
0.50527954
0.37112427
0.23550415
0.8581848
0.6004944
0.08157349
0.45962524
0.8381653
0.29727173
0.049835205
0.22280884
0.76345825
0.9706116
0.15090942
0.90005493
0.5090637
0.9955139
0.25979614
0.8663635
0.9499817
0.74697876
0.25149536
0.49673462
0.96121216
0.6000061
0.0010070801
0.16616821
0.41775513
0.92959595
0.3833313
0.2496643
0.1946106
0.11074829
0.27346802
0.1222229
0.16677856
0.51846313
0.54641724
0.158844
0.20925903
0.5277405
0.077178955
0.7345276
0.197052
0.5135803
0.7407532
0.22427368
0.0051574707
0.85098267
0.4121399
0.0030822754
0.50857544
0.9149475
0.9663391
0.44595337
0.5823059
0.08047485
0.27835083
0.92788696
0.10134888
0.7225647
0.22317505
0.82388306
0.94070435
0.21621704
0.67581177
0.50894165
0.9753723
0.9364319
0.511261
0.35806274
0.08035278
0.25820923
0.6045227
0.74624634
0.13064575
0.5565491
0.8305969
0.04849243
0.0012512207
0.20645142
0.06448364
0.639801
0.5671692
0.58291626
0.18118286
0.8951721
0.70339966
0.060943604
0.05569458
0.18960571
0.28494263
0.015533447
0.5630188
0.8981018
0.1867981
0.8216858
0.5781555
0.3956604
0.28396606
0.85440063
0.97610474
0.057281494
0.45144653
0.48867798
0.63186646
0.2579651
0.5642395
0.09951782
0.42044067
0.37271118
0.49734497
0.061920166
0.2168274
0.7765198
0.12576294
0.750885
0.8960266
0.84439087
0.3244934
0.54141235
0.33303833
0.95132446
0.9685364
0.8085022
0.40286255
0.47232056
0.93289185
0.92715454
0.98049927
0.78237915
0.092559814
0.27236938
0.9409485
0.25650024
0.32254028
0.21914673
0.1592102
0.26968384
0.49783325
0.14248657
0.5102844
0.19692993
0.49343872
0.41738892
0.86917114
0.41323853
0.18435669
0.41885376
0.11087036
0.29360962
0.44558716
0.5218811
0.11038208
0.21304321
0.15213013
0.10147095
0.7427063
0.5465393
0.1789856
0.5326233
0.882843
0.6690979
0.40115356
0.19033813
0.40579224
0.955719
0.69363403
0.44961548
0.18655396
0.7814026
0.931427
0.6854553
0.100128174
0.5211487
0.9895325
0.27285767
0.021514893
0.5499573
0.74295044
0.5868225
0.8257141
0.24282837
0.06668091
0.0023498535
0.38772583
0.97476196
0.8357239
0.8944397
0.58255005
0.12075806
0.92507935
0.63809204
0.28518677
0.05581665
0.20974731
0.6083069
0.370636
0.15493774
0.5647278
0.18008423
0.7138977
0.79312134
0.86502075
0.7284241
0.18997192
0.34536743
0.9856262
0.6283264
0.67385864
0.18667603
0.8015442
0.25479126
0.04055786
0.6920471
0.18777466
0.9828186
0.16506958
0.23648071
0.019317627
0.18740845
0.9223938
0.1949768
0.1711731
0.24356079
0.18753052
0.9425354
0.51834106
0.52627563
0.83547974
0.8541565
0.93582153
0.41055298
0.74124146
0.3048401
0.2986145
0.27139282
0.7798157
0.6695862
0.48171997
0.48379517
0.8262024
0.32339478
0.36013794
0.42276
0.7554016
0.64126587
0.8088684
0.46328735
0.44241333
0.99819946
0.7029114
0.9803772
0.76223755
0.76919556
0.91726685
0.34902954
0.58987427
0.32925415
0.3269348
0.9442444
0.8003235
0.053375244
0.8069153
0.14102173
0.2685852
0.31655884
0.23220825
0.31436157
0.8696594
0.49380493
0.47781372
0.8392639
0.47854614
0.9601135
0.4187317
0.09072876
0.97024536
0.09048462
0.92996216
0.4437561
0.21975708
0.2599182
0.8865051
0.27334595
0.1020813
0.8434143
0.1633606
0.9544983
0.49221802
0.2159729
0.63552856
0.86221313
0.26516724
0.752594
0.17800903
0.37149048
0.29592896
0.8282776
0.665802
0.8573303
0.45950317
0.8180237
0.9739075
0.69473267
0.6308899
0.096832275
0.97732544
0.2586975
0.6850891
0.03970337
0.5510559
0.92422485
0.49710083
0.021636963
0.5700989
0.0663147
0.94192505
0.41763306
0.90945435
0.05996704
0.89456177
0.60269165
0.4441223
0.28018188
0.23001099
0.95181274
0.049102783
0.10195923
0.8232727
0.83999634
0.59939575
0.9002991
0.5493469
0.64224243
0.9700012
0.050201416
0.28323364
0.733551
0.03591919
0.92666626
0.89993286
0.48892212
0.67214966
0.9046936
0.27444458
0.2833557
0.7536926
0.35928345
0.2817688
0.4918518
0.1555481
0.6654358
0.7969055
0.4894104
0.75271606
0.19815063
0.69485474
0.6510315
0.42019653
0.33242798
0.85061646
0.3517151
0.032989502
0.44326782
0.13919067
0.9664612
0.46609497
0.90567017
0.4355774
0.8702698
0.59451294
0.09463501
0.6147766
0.43814087
0.2932434
0.38516235
0.55178833
0.045074463
0.43728638
0.1522522
0.12161255
0.06607056
0.90164185
0.77090454
0.19924927
0.87612915
0.5613098
0.6161194
0.6596985
0.85025024
0.29129028
0.06289673
0.3779602
0.36343384
0.96658325
0.48623657
0.22903442
0.79067993
0.46218872
0.26113892
0.08792114
0.5069885
0.6531067
0.76260376
0.82962036
0.8873596
0.41433716
0.3656311
0.32913208
0.3067932
0.6208801
0.44522095
0.4614563
0.1402893
0.1477356
0.3763733
0.10159302
0.7628479
0.86990356
0.53408813
0.12454224
0.549469
0.66238403
0.29336548
0.40530396
0.8751526
0.400177
0.029205322
0.8188782
0.11489868
0.9582825
0.116607666
0.2402649
0.6437073
0.21170044
0.9305725
0.5444641
0.83657837
0.03543091
0.84609985
0.60647583
0.06851196
0.30447388
0.2381897
0.30130005
0.71450806
0.89382935
0.48184204
0.50393677
0.14956665
0.6784973
0.9520569
0.08938599
0.74868774
0.5334778
0.023834229
0.9326477
0.88687134
0.33377075
0.07217407
0.9087219
0.93911743
0.9543762
0.47207642
0.89260864
0.28042603
0.2702942
0.59854126
0.75930786
0.28579712
0.15652466
0.8265686
0.38381958
0.3302307
0.48806763
0.53115845
0.6411438
0.7887268
0.1399231
0.08731079
0.40628052
0.0362854
0.98709106
0.87002563
0.55422974
0.4479065
0.90457153
0.25430298
0.95999146
0.3985901
0.7673645
0.6151428
0.49856567
0.26333618
0.45046997
0.32754517
0.044952393
0.41714478
0.82888794
0.76651
0.4741516
0.23501587
0.7776184
0.30703735
0.66116333
0.09194946
0.17166138
0.3241272
0.48098755
0.36294556
0.88601685
0.19277954
0.80862427
0.42300415
0.7956848
0.28799438
0.5190735
0.64712524
0.7756653
0.9847717
0.4873352
0.41030884
0.70095825
0.6581116
0.5884094
0.08755493
0.44656372
0.6830139
0.69729614
0.053863525
0.8874817
0.43447876
0.68899536
0.6842346
0.89871216
0.2875061
0.43850708
0.3536682
0.35525513
0.61709595
0.8208313
0.4371643
0.1321106
0.7982483
0.710968
0.3097229
0.104278564
0.20596313
0.98391724
0.346344
0.14675903
0.21524048
0.51467896
0.9220276
0.134552
0.20108032
0.17825317
0.41177368
0.9426575
0.53848267
0.8496399
0.19058228
0.44607544
0.6024475
0.4038391
0.63345337
0.5198059
0.76797485
0.71585083
0.11538696
0.038848877
0.4100647
0.66067505
0.011383057
0.87820435
0.90371704
0.11331177
0.69644165
0.9128723
0.6239319
0.948761
0.54556274
0.017852783
0.9457092
0.042022705
0.93374634
0.06814575
0.24404907
0.26809692
0.23599243
0.9387512
0.8939514
0.50198364
0.827301
0.5046692
0.27041626
0.61868286
0.08267212
0.64089966
0.7484436
0.49319458
0.3771057
0.22244263
0.70303345
5.187988E-4
0.08560181
0.124298096
0.5091858
0.015655518
0.5831604
0.22146606
0.54190063
0.41360474
0.2447815
0.38894653
0.17617798
0.069366455
0.4454651
0.5017395
0.7870178
0.8579407
0.5602112
0.43484497
0.74942017
0.6543274
0.9640198
0.06326294
0.438385
0.3335266
0.03189087
0.2619934
0.22891235
0.77053833
0.13882446
0.9060364
0.4960022
0.84036255
0.65982056
0.87039185
0.61465454
0.41799927
0.96987915
0.030059814
0.9598694
0.3784485
0.44400024
0.26004028
0.9066467
0.5967102
0.45718384
0.43533325
0.8299866
0.9477844
0.38442993
0.43093872
0.104888916
0.30667114
0.6007385
0.12185669
0.10635376
0.54837036
0.48110962
0.38308716
0.2093811
0.5478821
0.4005432
0.08963013
0.78897095
0.1802063
0.7340393
0.116485596
0.22012329
0.32034302
0.8565979
0.33865356
0.87783813
0.84329224
0.143219
0.63113403
0.13711548
0.62405396
0.9689026
0.868927
0.37295532
0.5376282
0.7086487
0.9270325
0.96035767
0.4590149
0.7374573
0.68045044
0.2743225
0.2632141
0.43032837
0.004180908
0.68984985
0.82522583
0.16226196
0.7732239
0.5819397
0.020050049
0.30825806
0.86257935
0.32559204
0.72268677
0.24331665
0.14724731
0.29580688
0.808136
0.34243774
0.5022278
0.8675842
0.1513977
0.98062134
0.80252075
0.41592407
0.6274719
0.53286743
0.9231262
0.31582642
0.11135864
0.37417603
0.7390442
0.94229126
0.47805786
0.8795471
0.12527466
0.6703186
0.6025696
0.4239807
0.9568176
0.87490845
0.3598938
0.3824768
0.108673096
0.9310608
0.6250305
0.1300354
0.45584106
0.21377563
0.27297974
0.041656494
0.87332153
0.09805298
0.17874146
0.4923401
0.2361145
0.9588928
0.21731567
0.8570862
0.41921997
0.17129517
0.2637024
0.5108948
0.29763794
0.11026001
0.19290161
0.82876587
0.7463684
0.15078735
0.87991333
0.18569946
0.6404114
0.6678772
0.19973755
0.95669556
0.85476685
0.03652954
0.027374268
0.51675415
0.2644348
0.6317444
0.23782349
0.24087524
0.7444153
0.8285217
0.7060852
0.50405884
0.16970825
0.0018615723
0.30715942
0.68130493
0.41531372
0.5267639
0.91604614
0.14761353
0.3562317
0.77822876
0.40774536
0.27798462
0.86746216
0.1312561
0.6572571
0.4474182
0.8240051
0.96084595
0.5395813
0.030914307
0.100860596
0.6419983
0.929718
0.4034729
0.57302856
0.54971313
0.70266724
0.940094
0.11550903
0.05899048
0.73342896
0.015777588
0.603302
0.5448303
0.8970032
0.0055236816
0.9114075
0.38223267
0.06838989
0.28433228
0.91482544
0.9461975
0.12258911
0.22720337
0.4885559
0.61172485
0.93460083
0.20913696
0.5075989
0.7538147
0.37942505
0.60513306
0.84695435
0.74746704
0.33206177
0.79019165
0.3816223
0.9676819
0.667511
0.13931274
0.9866028
0.7894592
0.2607727
0.027496338
0.53689575
0.5877991
0.9868469
0.82974243
0.9075012
0.7377014
0.72073364
0.921051
0.9734192
0.61416626
0.33743286
0.6764221
0.60964966
0.5921936
0.7119446
0.4708557
0.6911926
0.046783447
0.7192688
0.6793518
0.093048096
0.3529358
0.23440552
0.6769104
0.69021606
0.88565063
0.13235474
0.8385315
0.35769653
0.019927979
0.28811646
0.5392151
0.9704895
0.13076782
0.5766907
0.15396118
0.40359497
0.59317017
0.8730774
0.057769775
0.53201294
0.782135
0.05227661
0.62564087
0.23074341
0.07266235
0.98928833
0.23257446
0.37478638
0.8397522
0.55911255
0.25357056
0.83914185
0.45840454
0.63674927
0.06362915
0.4988098
0.30361938
0.09719849
0.037750244
0.22879028
0.7503967
0.8154602
0.55093384
0.90408325
0.17373657
0.6665344
0.97817993
0.39968872
0.9486389
0.52542114
0.6944885
0.5906067
0.45010376
0.26712036
0.07485962
0.35183716
0.053131104
0.7666321
0.4942932
0.5583801
0.13272095
0.8989563
0.3277893
0.085235596
0.06387329
0.539093
0.9503479
0.80740356
0.22158813
0.56204224
0.736969
0.59988403
0.9808655
0.84280396
0.06265259
0.337677
0.7167053
0.25637817
0.30239868
0.8957825
0.80410767
0.6777649
0.8312073
0.14920044
0.6180725
0.9819641
0.02407837
0.9729309
0.53359985
0.04397583
0.25601196
0.24197388
0.9256897
0.73880005
0.90200806
0.83132935
0.16934204
0.94143677
0.33706665
0.6159973
0.6395569
0.526886
0.93618774
0.47097778
0.7113342
0.3701477
0.07437134
0.27127075
0.7596741
0.34622192
0.12661743
0.8918762
0.15957642
0.33010864
0.46792603
0.20779419
0.28604126
0.19680786
0.47329712
0.09402466
0.5140686
0.8213196
0.5177307
0.42556763
0.21865845
0.0786438
0.9762268
0.077423096
0.7748108
0.8437805
0.2237854
0.92459106
0.55752563
0.99172974
0.6354065
0.84207153
0.941803
0.39749146
0.5860901
0.7048645
0.30264282
0.9360657
0.45083618
0.38796997
0.015045166
0.4824524
0.6046448
0.76638794
0.45401
0.9116516
0.42251587
0.7151184
0.99453735
0.09866333
0.27944946
0.10916138
0.011627197
0.91848755
0.55044556
0.82351685
0.88027954
0.24612427
0.61050415
0.7331848
0.9754944
0.9565735
0.83462524
0.7131653
0.6722717
0.9248352
0.59780884
0.63845825
0.34561157
0.025909424
0.27505493
0.38406372
0.37051392
0.13479614
0.24136353
0.8249817
0.12197876
0.12649536
0.8717346
0.83621216
0.9750061
0.8760071
0.5411682
0.29275513
0.30459595
0.2583313
0.6246643
0.069610596
0.4857483
0.14846802
0.4972229
0.041778564
0.89346313
0.42141724
0.533844
0.08425903
0.9027405
0.95217896
0.10952759
0.072052
0.8885803
0.6157532
0.5992737
0.8801575
0.22598267
0.2871399
0.37808228
0.38357544
0.2899475
0.8413391
0.82095337
0.4573059
0.45547485
0.15335083
0.30288696
0.9763489
0.0975647
0.09817505
0.19888306
0.81570435
0.59121704
0.55081177
0.88394165
0.8503723
0.31143188
0.386261
0.73306274
0.9553528
0.6332092
0.4795227
0.12124634
0.005645752
0.9315491
0.7055969
0.42349243
0.8762512
0.5814514
0.93948364
0.014801025
0.4421692
0.95791626
0.05618286
0.27017212
0.57839966
0.4359436
0.9306946
0.5646057
0.15994263
0.39053345
0.4380188
0.2731018
0.061798096
0.19668579
0.45315552
0.7706604
0.15896606
0.22940063
0.85110474
0.4322815
0.32644653
0.863678
0.50686646
0.6329651
0.4392395
0.47451782
0.29544067
0.7477112
0.37234497
0.43692017
0.09182739
0.15151978
7.6293945E-4
0.12588501
0.7710266
0.21939087
0.19949341
0.91641235
0.20803833
0.32632446
0.8435364
0.1835022
0.27786255
0.84732056
0.80789185
0.30215454
0.85549927
0.15737915
0.9675598
0.6473694
0.8159485
0.63150024
0.19754028
0.5941467
0.034210205
0.64468384
0.37283325
0.5174866
0.38528442
0.57192993
0.36843872
0.7923889
0.74417114
0.7882385
0.05935669
0.79385376
0.98587036
0.6686096
0.32058716
0.8968811
0.9853821
0.5880432
0.027130127
0.47647095
0.6177063
0.9215393
0.053985596
0.9076233
0.757843
0.0440979
0.27615356
0.56533813
0.28079224
0.330719
0.56863403
0.8246155
0.061553955
0.15640259
0.806427
0.060455322
0.9751282
0.8961487
0.8645325
0.64785767
0.8965149
0.9249573
0.61795044
0.9618225
0.7007141
0.61782837
0.9416809
0.37734985
0.26272583
0.34976196
0.7107239
0.2694397
0.45755005
0.49575806
0.80007935
0.013092041
0.16018677
0.43081665
0.084747314
0.9833069
0.24563599
0.52993774
0.43972778
0.5550842
0.5888977
0.16812134
0.74002075
0.10342407
0.064971924
0.72036743
0.8606262
0.003326416
0.54885864
0.561676
0.6765442
0.62979126
0.91555786
0.06704712
0.06277466
0.3578186
0.04006958
0.6114807
0.8943176
0.56240845
0.7973938
0.5699768
0.046173096
0.6185608
0.06253052
0.3175354
0.39334106
0.90127563
0.71047974
0.2291565
0.81082153
0.785553
0.61624146
0.6798401
0.1736145
0.6463928
0.6548157
0.04458618
0.35671997
0.85879517
0.7012024
0.6983948
0.23513794
0.79776
0.6304016
0.01626587
0.6838684
0.83828735
0.31741333
0.37319946
0.5779114
0.3553772
0.63723755
0.14419556
0.79226685
0.72402954
0.46487427
0.70425415
0.20193481
0.31924438
0.6753235
0.42837524
0.6819153
0.5160217
0.1435852
0.69155884
0.10720825
0.6893616
0.7446594
0.86880493
0.35281372
0.21426392
0.35354614
0.33511353
0.2937317
0.46572876
0.84524536
0.46548462
0.80496216
0.8187561
0.09475708
0.6349182
0.7615051
0.64834595
0.9770813
0.2184143
0.038360596
0.3294983
0.36721802
0.5909729
0.51052856
0.23721313
0.14016724
0.127594
0.053009033
0.7464905
0.17092896
0.20327759
0.540802
0.23233032
0.33450317
0.19302368
0.8489075
0.069732666
0.5058899
0.47183228
0.85232544
0.6336975
0.5600891
0.41470337
0.4260559
0.29922485
0.37210083
0.39663696
0.44509888
0.4413147
0.81692505
0.79263306
0.78445435
0.43496704
0.76956177
0.97769165
0.3191223
0.6551819
0.10501099
0.32681274
0.9241028
0.47695923
0.6982727
0.21499634
0.47439575
0.27529907
0.42434692
0.017242432
0.8450012
0.42520142
0.15823364
0.108551025
0.9109192
0.30166626
0.77493286
0.8639221
0.54714966
0.2796936
0.14944458
0.6583557
0.6286926
0.73428345
0.1567688
0.8668518
0.030548096
0.04043579
0.6719055
0.8644104
0.62771606
0.57315063
0.56985474
0.026031494
0.29519653
0.707428
0.72561646
0.7267151
0.9079895
0.8182678
0.014190674
0.34146118
0.34109497
0.28067017
0.3105774
0.24526978
0.46951294
0.469635
0.4897766
0.81314087
0.16824341
0.76016235
0.42678833
0.42007446
0.31228638
0.5272522
0.99661255
0.44107056
0.77664185
0.14590454
0.07424927
0.25112915
0.4363098
0.9911194
0.5346985
0.22525024
0.16629028
0.43789673
0.2529602
0.73843384
0.84158325
0.8612366
0.104034424
0.16567993
0.33718872
0.6361389
0.96292114
0.8819885
0.5281067
0.13760376
0.70462036
0.26235962
0.28933716
0.7406311
0.20413208
0.6817932
0.49588013
0.82022095
0.3364563
0.5152893
0.022735596
0.7513733
0.976593
0.1378479
0.74490356
0.90908813
0.99954224
0.924469
0.53738403
0.6683655
0.28030396
0.2501526
0.275177
0.40420532
0.6938782
0.48989868
0.8332825
0.49160767
0.11526489
0.018707275
0.08670044
0.3055725
0.4194641
0.21157837
0.9104309
0.22109985
0.48147583
0.44351196
0.17947388
0.6131897
0.17630005
0.08950806
0.76882935
0.85684204
0.37893677
0.52456665
0.5534973
0.32705688
0.964386
0.123687744
0.40847778
0.39883423
0.8076477
0.26187134
0.20877075
0.44717407
0.7837219
0.31411743
0.8293762
0.8470764
0.76760864
0.655426
0.14529419
0.97354126
0.63430786
0.6607971
0.03152466
0.2015686
0.25881958
0.7052307
0.36306763
0.90615845
0.5161438
0.1637268
0.014923096
0.4623108
0.28128052
0.4112854
0.86209106
0.24502563
0.42922974
0.8229065
0.77957153
0.629303
0.83499146
0.7735901
0.6423645
0.9901428
0.37356567
0.6383362
0.32546997
0.70254517
0.9199524
0.7921448
0.70388794
0.14151001
0.3491516
0.61001587
0.6526184
0.68203735
0.53616333
0.46694946
0.046661377
0.6991272
0.35598755
0.73794556
0.76101685
0.56777954
0.68362427
0.79800415
0.6706848
0.6629944
0.3940735
0.022125244
0.6506653
0.35977173
0.3623352
0.78530884
0.57595825
0.033111572
0.46340942
0.46255493
0.32156372
0.058013916
0.57229614
0.42886353
0.7624817
0.80947876
0.56399536
0.05923462
0.77371216
0.6625061
0.31350708
0.7286682
0.23025513
0.99209595
0.6958313
0.8121643
0.0071105957
0.17324829
0.585968
0.6847229
0.97927856
0.58096313
0.85891724
0.721344
0.021759033
0.5902405
0.38967896
0.2970276
0.009552002
0.5760803
0.053253174
0.7867737
0.8176575
0.91348267
0.7246399
0.5655823
0.32107544
0.9774475
0.2788391
0.008453369
0.3948059
0.14297485
0.59085083
0.49038696
0.9138489
0.7850647
0.53567505
0.38638306
0.75320435
0.27871704
0.98831177
0.07144165
0.7878723
0.9989319
0.823761
0.92056274
0.8928528
0.32070923
0.9170227
0.30874634
0.94314575
0.6190491
0.14309692
0.61099243
0.8137512
0.26895142
0.37698364
0.20230103
0.3796692
0.64541626
0.49368286
0.45767212
0.51589966
0.1234436
0.36819458
0.7521057
0.09744263
0.07803345
0.8755188
0.4606018
0.9992981
0.8841858
0.8906555
0.9581604
0.096466064
0.91690063
0.28860474
0.6197815
0.26394653
0.551178
0.94436646
0.8204651
0.3767395
0.16201782
0.7329407
0.9352112
0.30984497
0.124420166
0.5293274
0.33901978
0.93826294
0.813385
0.20852661
0.40689087
0.13699341
0.60391235
0.64553833
0.51382446
0.7810364
0.8710022
0.71536255
0.034820557
0.74539185
0.98965454
0.29299927
0.34487915
0.9050598
0.33486938
0.2534485
0.81900024
0.13504028
0.28164673
0.4717102
0.83218384
0.31033325
0.20498657
0.8227844
0.75942993
0.30593872
0.47988892
0.18167114
0.9757385
0.9968567
0.48135376
0.42337036
0.8561096
0.25808716
0.5843811
0.42288208
0.7755432
0.9646301
0.16397095
0.0552063
0.10903931
0.9914856
0.5951233
0.19534302
0.2315979
0.21365356
0.25283813
0.71829224
0.518219
0.50613403
0.5121155
0.49905396
0.3439026
0.743927
0.7479553
0.41262817
0.08364868
0.8020325
0.33535767
0.3340149
0.112457275
0.55545044
0.6493225
0.13821411
0.80532837
0.8791809
0.06484985
0.70022583
0.53726196
0.6482239
0.9569397
0.89505005
0.68325806
0.73757935
0.70059204
0.59768677
0.61831665
0.022247314
0.6708069
0.683136
0.71743774
0.37722778
0.24258423
0.026397705
0.35562134
0.67752075
0.7909241
0.5024719
0.90786743
0.7981262
0.6908264
0.98635864
0.749176
0.6140442
0.31729126
0.35305786
0.25454712
2.746582E-4
0.045318604
0.47756958
0.7989807
0.8318176
0.24990845
0.2348938
0.7574768
0.9836731
0.3060608
0.5000305
0.5050354
0.33084106
0.58877563
0.14797974
0.4166565
0.74832153
0.47305298
0.053741455
0.8673401
0.1111145
0.33389282
0.092315674
0.23208618
0.29421997
0.54629517
0.1387024
0.8858948
0.17263794
0.48526
0.06790161
0.20376587
0.6213684
0.52578735
0.75491333
0.56069946
0.5154114
0.042877197
0.07473755
0.33169556
0.72976685
0.41152954
0.90237427
0.89175415
0.13943481
0.0067443848
0.11282349
0.61587524
0.6194153
0.20352173
0.5810852
0.87905884
0.044708252
0.37686157
0.18215942
0.05630493
0.29031372
0.9017639
0.79104614
0.5226135
0.23123169
0.15322876
0.28274536
0.6529846
0.74246216
0.5062561
0.5322571
0.8224182
0.6990051
0.33584595
0.4145813
0.4059143
0.9758606
0.016998291
0.804718
0.7784729
0.44802856
0.92471313
0.57766724
0.315094
0.99050903
0.43399048
0.60842896
0.3907776
0.478302
0.9198303
0.7720032
0.38052368
0.7864075
0.75723267
0.9433899
0.6593323
0.78982544
0.3211975
0.9975891
0.60220337
0.3635559
0.98672485
0.80960083
0.58413696
0.38259888
0.1288147
0.25442505
0.98013306
0.72195435
0.12246704
0.20706177
0.16519165
0.2566223
0.34268188
0.542511
0.51431274
0.8616028
0.16445923
0.1357727
0.40249634
0.41189575
0.9627991
0.8618469
0.20474243
0.7825012
0.112701416
0.59573364
0.29605103
0.8484192
0.98916626
0.21243286
0.05142212
0.48464966
0.9671936
0.5869446
0.8458557
0.5661926
0.42178345
0.5942688
0.054351807
0.9680481
0.7279358
0.10940552
0.0519104
0.56521606
0.26065063
0.0073547363
0.2135315
0.23269653
0.39492798
0.16311646
0.9142151
0.8454895
0.5057678
0.45169067
0.5289612
0.27859497
0.96817017
0.7480774
0.43276978
0.40701294
0.15713501
0.9272766
6.4086914E-4
0.10574341
0.44766235
0.86428833
0.60757446
0.24978638
0.2147522
0.43411255
0.62857056
0.71414185
0.83340454
0.51174927
0.43862915
0.3738098
0.6786194
0.9721985
0.41275024
0.10379028
0.12539673
0.6904602
0.92593384
0.77908325
0.5487366
0.5415344
0.35317993
0.27468872
0.32363892
0.40042114
0.069488525
0.4656067
0.82510376
0.14212036
0.44985962
0.22683716
0.4281311
0.6416321
0.8692932
0.43338013
0.50772095
0.7739563
0.7027893
0.9602356
0.4388733
0.41409302
0.3253479
0.68240356
0.59658813
0.43704224
0.111968994
0.47488403
0.35586548
0.71780396
0.4376526
0.212677
0.09170532
0.13137817
0.6773987
0.7707825
0.17910767
0.5527649
0.20620728
0.02420044
0.9930725
0.8569641
0.39907837
0.8479309
0.90859985
0.91897583
0.63101196
0.11697388
0.3006897
0.61380005
0.27700806
0.70632935
0.54434204
0.81643677
0.71206665
0.4909973
0.014556885
0.401886
0.31118774
0.34597778
0.08633423
0.2451477
0.44937134
0.14627075
0.13467407
0.22122192
0.50161743
0.7668762
0.5345764
0.20510864
0.842926
0.08279419
0.66104126
0.07180786
0.8482971
0.96902466
0.8890686
0.6963196
0.8927307
0.30056763
0.59365845
0.9536438
0.3512268
0.9524231
0.14981079
0.7187805
0.5987854
0.79959106
0.93252563
0.86672974
0.010406494
0.71707153
0.31680298
0.27249146
0.9610901
0.5798645
0.6776428
0.8110657
0.8258362
0.26296997
0.39004517
0.3574524
0.9796448
0.64138794
0.82901
0.7866516
0.79751587
0.5901184
0.36953735
0.97366333
0.65444946
0.9841614
0.3866272
0.79348755
0.92544556
0.69851685
0.25527954
0.12112427
0.98550415
0.6081848
0.35049438
0.8315735
0.20962524
0.5881653
0.04727173
0.7998352
0.97280884
0.51345825
0.7206116
0.9009094
0.65005493
0.25906372
0.7455139
0.009796143
0.6163635
0.6999817
0.49697876
0.0014953613
0.24673462
0.71121216
0.3500061
0.7510071
0.9161682
0.16775513
0.67959595
0.1333313
0.9996643
0.9446106
0.8607483
0.023468018
0.8722229
0.91677856
0.26846313
0.29641724
0.908844
0.95925903
0.27774048
0.82717896
0.4845276
0.947052
0.26358032
0.49075317
0.9742737
0.7551575
0.60098267
0.1621399
0.7530823
0.25857544
0.6649475
0.7163391
0.19595337
0.3323059
0.83047485
0.02835083
0.67788696
0.8513489
0.4725647
0.97317505
0.57388306
0.69070435
0.96621704
0.42581177
0.25894165
0.7253723
0.6864319
0.261261
0.108062744
0.8303528
0.0082092285
0.3545227
0.49624634
0.88064575
0.30654907
0.5805969
0.79849243
0.7512512
0.9564514
0.81448364
0.38980103
0.3171692
0.33291626
0.93118286
0.6451721
0.45339966
0.8109436
0.8056946
0.9396057
0.034942627
0.76553345
0.3130188
0.6481018
0.9367981
0.5716858
0.32815552
0.1456604
0.033966064
0.60440063
0.72610474
0.8072815
0.20144653
0.23867798
0.38186646
0.007965088
0.3142395
0.8495178
0.17044067
0.12271118
0.24734497
0.81192017
0.9668274
0.5265198
0.87576294
0.500885
0.6460266
0.59439087
0.07449341
0.29141235
0.08303833
0.70132446
0.7185364
0.5585022
0.15286255
0.22232056
0.68289185
0.67715454
0.73049927
0.53237915
0.8425598
0.022369385
0.6909485
0.006500244
0.07254028
0.9691467
0.9092102
0.019683838
0.24783325
0.8924866
0.26028442
0.94692993
0.24343872
0.16738892
0.61917114
0.16323853
0.9343567
0.16885376
0.86087036
0.04360962
0.19558716
0.2718811
0.8603821
0.9630432
0.9021301
0.85147095
0.4927063
0.2965393
0.9289856
0.2826233
0.632843
0.4190979
0.15115356
0.94033813
0.15579224
0.705719
0.44363403
0.19961548
0.93655396
0.5314026
0.681427
0.43545532
0.8501282
0.27114868
0.7395325
0.022857666
0.7715149
0.29995728
0.49295044
0.3368225
0.5757141
0.99282837
0.8166809
0.75234985
0.13772583
0.72476196
0.5857239
0.6444397
0.33255005
0.87075806
0.67507935
0.38809204
0.035186768
0.80581665
0.9597473
0.35830688
0.12063599
0.90493774
0.31472778
0.9300842
0.4638977
0.54312134
0.61502075
0.47842407
0.9399719
0.09536743
0.7356262
0.37832642
0.42385864
0.936676
0.5515442
0.0047912598
0.79055786
0.44204712
0.93777466
0.7328186
0.9150696
0.9864807
0.7693176
0.93740845
0.6723938
0.9449768
0.9211731
0.9935608
0.9375305
0.6925354
0.26834106
0.27627563
0.58547974
0.6041565
0.68582153
0.16055298
0.49124146
0.054840088
0.048614502
0.021392822
0.5298157
0.41958618
0.23171997
0.23379517
0.5762024
0.073394775
0.11013794
0.17276001
0.5054016
0.39126587
0.5588684
0.21328735
0.19241333
0.74819946
0.45291138
0.7303772
0.51223755
0.51919556
0.66726685
0.09902954
0.33987427
0.07925415
0.076934814
0.6942444
0.5503235
0.80337524
0.5569153
0.8910217
0.018585205
0.06655884
0.98220825
0.06436157
0.6196594
0.24380493
0.22781372
0.5892639
0.22854614
0.7101135
0.16873169
0.84072876
0.72024536
0.8404846
0.67996216
0.1937561
0.9697571
0.009918213
0.6365051
0.023345947
0.8520813
0.5934143
0.9133606
0.7044983
0.24221802
0.9659729
0.38552856
0.61221313
0.015167236
0.502594
0.92800903
0.12149048
0.045928955
0.5782776
0.415802
0.6073303
0.20950317
0.5680237
0.7239075
0.44473267
0.3808899
0.8468323
0.72732544
0.00869751
0.4350891
0.78970337
0.3010559
0.67422485
0.24710083
0.77163696
0.32009888
0.8163147
0.69192505
0.16763306
0.65945435
0.80996704
0.64456177
0.35269165
0.19412231
0.030181885
0.980011
0.70181274
0.7991028
0.8519592
0.5732727
0.58999634
0.34939575
0.6502991
0.29934692
0.39224243
0.7200012
0.8002014
0.033233643
0.48355103
0.7859192
0.67666626
0.64993286
0.23892212
0.42214966
0.6546936
0.02444458
0.033355713
0.5036926
0.10928345
0.0317688
0.2418518
0.9055481
0.4154358
0.5469055
0.2394104
0.50271606
0.94815063
0.44485474
0.4010315
0.17019653
0.08242798
0.60061646
0.10171509
0.7829895
0.19326782
0.8891907
0.7164612
0.21609497
0.65567017
0.1855774
0.6202698
0.34451294
0.844635
0.3647766
0.18814087
0.04324341
0.13516235
0.30178833
0.79507446
0.18728638
0.9022522
0.87161255
0.81607056
0.65164185
0.52090454
0.94924927
0.62612915
0.3113098
0.36611938
0.4096985
0.60025024
0.041290283
0.8128967
0.1279602
0.11343384
0.71658325
0.23623657
0.9790344
0.54067993
0.21218872
0.011138916
0.83792114
0.25698853
0.4031067
0.51260376
0.57962036
0.6373596
0.16433716
0.1156311
0.07913208
0.056793213
0.37088013
0.19522095
0.2114563
0.8902893
0.8977356
0.12637329
0.851593
0.5128479
0.61990356
0.28408813
0.87454224
0.299469
0.41238403
0.04336548
0.15530396
0.6251526
0.150177
0.7792053
0.5688782
0.8648987
0.7082825
0.86660767
0.9902649
0.39370728
0.96170044
0.6805725
0.2944641
0.58657837
0.7854309
0.59609985
0.35647583
0.81851196
0.054473877
0.9881897
0.05130005
0.46450806
0.64382935
0.23184204
0.25393677
0.89956665
0.4284973
0.7020569
0.839386
0.49868774
0.28347778
0.7738342
0.6826477
0.63687134
0.08377075
0.8221741
0.6587219
0.68911743
0.7043762
0.22207642
0.64260864
0.030426025
0.02029419
0.34854126
0.50930786
0.03579712
0.90652466
0.5765686
0.13381958
0.08023071
0.23806763
0.28115845
0.3911438
0.5387268
0.8899231
0.8373108
0.15628052
0.7862854
0.73709106
0.62002563
0.30422974
0.1979065
0.65457153
0.0043029785
0.70999146
0.14859009
0.5173645
0.36514282
0.24856567
0.013336182
0.20046997
0.077545166
0.7949524
0.16714478
0.57888794
0.51651
0.22415161
0.98501587
0.5276184
0.057037354
0.41116333
0.84194946
0.9216614
0.0741272
0.23098755
0.11294556
0.63601685
0.94277954
0.55862427
0.17300415
0.5456848
0.037994385
0.2690735
0.39712524
0.5256653
0.7347717
0.2373352
0.16030884
0.45095825
0.40811157
0.33840942
0.83755493
0.19656372
0.43301392
0.44729614
0.8038635
0.6374817
0.18447876
0.43899536
0.43423462
0.64871216
0.037506104
0.18850708
0.10366821
0.10525513
0.36709595
0.5708313
0.1871643
0.8821106
0.5482483
0.46096802
0.0597229
0.85427856
0.95596313
0.73391724
0.096343994
0.89675903
0.9652405
0.26467896
0.6720276
0.884552
0.9510803
0.9282532
0.16177368
0.6926575
0.28848267
0.5996399
0.9405823
0.19607544
0.3524475
0.15383911
0.38345337
0.2698059
0.51797485
0.46585083
0.86538696
0.7888489
0.1600647
0.41067505
0.76138306
0.62820435
0.65371704
0.86331177
0.44644165
0.6628723
0.37393188
0.698761
0.29556274
0.7678528
0.6957092
0.7920227
0.68374634
0.81814575
0.9940491
0.018096924
0.98599243
0.6887512
0.6439514
0.25198364
0.577301
0.2546692
0.02041626
0.36868286
0.8326721
0.39089966
0.4984436
0.24319458
0.12710571
0.9724426
0.45303345
0.7505188
0.8356018
0.8742981
0.2591858
0.7656555
0.3331604
0.97146606
0.29190063
0.16360474
0.9947815
0.13894653
0.926178
0.81936646
0.19546509
0.2517395
0.5370178
0.6079407
0.31021118
0.18484497
0.49942017
0.4043274
0.7140198
0.81326294
0.18838501
0.08352661
0.78189087
0.011993408
0.97891235
0.52053833
0.88882446
0.6560364
0.2460022
0.59036255
0.40982056
0.62039185
0.36465454
0.16799927
0.71987915
0.7800598
0.7098694
0.12844849
0.19400024
0.010040283
0.6566467
0.3467102
0.20718384
0.18533325
0.5799866
0.6977844
0.13442993
0.18093872
0.8548889
0.056671143
0.35073853
0.8718567
0.85635376
0.29837036
0.23110962
0.13308716
0.9593811
0.29788208
0.15054321
0.8396301
0.53897095
0.9302063
0.4840393
0.8664856
0.9701233
0.07034302
0.6065979
0.088653564
0.62783813
0.59329224
0.893219
0.38113403
0.8871155
0.37405396
0.7189026
0.618927
0.12295532
0.28762817
0.45864868
0.6770325
0.71035767
0.2090149
0.48745728
0.43045044
0.02432251
0.013214111
0.18032837
0.7541809
0.43984985
0.57522583
0.91226196
0.5232239
0.3319397
0.77005005
0.058258057
0.61257935
0.07559204
0.47268677
0.99331665
0.8972473
0.045806885
0.558136
0.092437744
0.25222778
0.6175842
0.9013977
0.73062134
0.55252075
0.16592407
0.37747192
0.28286743
0.6731262
0.065826416
0.86135864
0.124176025
0.4890442
0.69229126
0.22805786
0.6295471
0.87527466
0.4203186
0.35256958
0.17398071
0.7068176
0.62490845
0.1098938
0.1324768
0.8586731
0.6810608
0.37503052
0.8800354
0.20584106
0.96377563
0.022979736
0.7916565
0.62332153
0.848053
0.92874146
0.24234009
0.9861145
0.7088928
0.9673157
0.6070862
0.16921997
0.92129517
0.013702393
0.26089478
0.04763794
0.86026
0.9429016
0.57876587
0.4963684
0.90078735
0.62991333
0.93569946
0.39041138
0.4178772
0.94973755
0.70669556
0.60476685
0.78652954
0.77737427
0.26675415
0.014434814
0.38174438
0.9878235
0.99087524
0.49441528
0.5785217
0.4560852
0.25405884
0.91970825
0.7518616
0.057159424
0.43130493
0.16531372
0.27676392
0.66604614
0.8976135
0.10623169
0.52822876
0.15774536
0.02798462
0.61746216
0.8812561
0.40725708
0.19741821
0.5740051
0.71084595
0.2895813
0.7809143
0.8508606
0.3919983
0.679718
0.1534729
0.32302856
0.29971313
0.45266724
0.690094
0.86550903
0.8089905
0.48342896
0.7657776
0.353302
0.29483032
0.6470032
0.7555237
0.6614075
0.13223267
0.8183899
0.034332275
0.66482544
0.6961975
0.8725891
0.97720337
0.23855591
0.36172485
0.68460083
0.95913696
0.25759888
0.5038147
0.12942505
0.35513306
0.59695435
0.49746704
0.08206177
0.54019165
0.13162231
0.7176819
0.417511
0.88931274
0.7366028
0.5394592
0.010772705
0.77749634
0.28689575
0.33779907
0.7368469
0.57974243
0.6575012
0.48770142
0.47073364
0.671051
0.7234192
0.36416626
0.08743286
0.42642212
0.35964966
0.3421936
0.46194458
0.22085571
0.44119263
0.79678345
0.4692688
0.4293518
0.8430481
0.10293579
0.9844055
0.4269104
0.44021606
0.63565063
0.88235474
0.5885315
0.10769653
0.769928
0.038116455
0.2892151
0.7204895
0.8807678
0.32669067
0.9039612
0.15359497
0.34317017
0.6230774
0.8077698
0.28201294
0.532135
0.8022766
0.37564087
0.9807434
0.82266235
0.73928833
0.98257446
0.12478638
0.5897522
0.30911255
0.0035705566
0.58914185
0.20840454
0.38674927
0.81362915
0.24880981
0.053619385
0.8471985
0.78775024
0.9787903
0.5003967
0.5654602
0.30093384
0.65408325
0.9237366
0.41653442
0.72817993
0.14968872
0.6986389
0.27542114
0.44448853
0.3406067
0.20010376
0.017120361
0.8248596
0.10183716
0.8031311
0.5166321
0.24429321
0.30838013
0.88272095
0.6489563
0.07778931
0.8352356
0.8138733
0.28909302
0.7003479
0.55740356
0.97158813
0.31204224
0.486969
0.34988403
0.7308655
0.59280396
0.8126526
0.087677
0.46670532
0.006378174
0.05239868
0.6457825
0.55410767
0.4277649
0.5812073
0.89920044
0.3680725
0.7319641
0.77407837
0.7229309
0.28359985
0.79397583
0.006011963
0.9919739
0.6756897
0.48880005
0.65200806
0.58132935
0.91934204
0.69143677
0.08706665
0.3659973
0.38955688
0.276886
0.68618774
0.22097778
0.46133423
0.120147705
0.82437134
0.021270752
0.5096741
0.096221924
0.87661743
0.6418762
0.9095764
0.08010864
0.21792603
0.9577942
0.03604126
0.94680786
0.22329712
0.84402466
0.2640686
0.5713196
0.2677307
0.17556763
0.96865845
0.8286438
0.7262268
0.8274231
0.5248108
0.5937805
0.9737854
0.67459106
0.30752563
0.74172974
0.3854065
0.59207153
0.691803
0.14749146
0.3360901
0.4548645
0.052642822
0.6860657
0.20083618
0.13796997
0.76504517
0.2324524
0.35464478
0.51638794
0.20401001
0.6616516
0.17251587
0.4651184
0.74453735
0.84866333
0.029449463
0.8591614
0.7616272
0.66848755
0.30044556
0.57351685
0.63027954
0.99612427
0.36050415
0.4831848
0.7254944
0.7065735
0.58462524
0.46316528
0.42227173
0.6748352
0.34780884
0.38845825
0.09561157
0.7759094
0.025054932
0.13406372
0.120513916
0.88479614
0.9913635
0.5749817
0.87197876
0.87649536
0.6217346
0.58621216
0.7250061
0.6260071
0.2911682
0.042755127
0.054595947
0.008331299
0.3746643
0.8196106
0.23574829
0.898468
0.2472229
0.79177856
0.64346313
0.17141724
0.283844
0.83425903
0.6527405
0.70217896
0.8595276
0.822052
0.6385803
0.36575317
0.34927368
0.6301575
0.97598267
0.037139893
0.12808228
0.13357544
0.03994751
0.5913391
0.57095337
0.20730591
0.20547485
0.90335083
0.052886963
0.7263489
0.8475647
0.84817505
0.94888306
0.56570435
0.34121704
0.30081177
0.63394165
0.6003723
0.061431885
0.13626099
0.48306274
0.7053528
0.38320923
0.2295227
0.87124634
0.75564575
0.6815491
0.45559692
0.17349243
0.6262512
0.33145142
0.68948364
0.764801
0.19216919
0.70791626
0.80618286
0.02017212
0.32839966
0.1859436
0.6806946
0.3146057
0.9099426
0.14053345
0.1880188
0.023101807
0.8117981
0.9466858
0.20315552
0.5206604
0.90896606
0.97940063
0.60110474
0.1822815
0.07644653
0.613678
0.25686646
0.3829651
0.1892395
0.22451782
0.045440674
0.49771118
0.12234497
0.18692017
0.8418274
0.9015198
0.75076294
0.875885
0.5210266
0.96939087
0.9494934
0.66641235
0.95803833
0.07632446
0.5935364
0.9335022
0.027862549
0.59732056
0.55789185
0.05215454
0.60549927
0.90737915
0.7175598
0.39736938
0.5659485
0.38150024
0.9475403
0.34414673
0.7842102
0.39468384
0.12283325
0.26748657
0.13528442
0.32192993
0.11843872
0.5423889
0.49417114
0.5382385
0.8093567
0.54385376
0.73587036
0.41860962
0.07058716
0.6468811
0.7353821
0.3380432
0.7771301
0.22647095
0.3677063
0.6715393
0.8039856
0.6576233
0.507843
0.7940979
0.026153564
0.31533813
0.030792236
0.080718994
0.31863403
0.5746155
0.81155396
0.9064026
0.556427
0.8104553
0.7251282
0.6461487
0.6145325
0.39785767
0.6465149
0.6749573
0.36795044
0.7118225
0.4507141
0.36782837
0.6916809
0.12734985
0.01272583
0.09976196
0.46072388
0.019439697
0.20755005
0.24575806
0.55007935
0.76309204
0.91018677
0.18081665
0.8347473
0.7333069
0.995636
0.27993774
0.18972778
0.30508423
0.3388977
0.91812134
0.49002075
0.8534241
0.8149719
0.47036743
0.6106262
0.7533264
0.29885864
0.31167603
0.4265442
0.37979126
0.66555786
0.8170471
0.81277466
0.1078186
0.7900696
0.3614807
0.6443176
0.31240845
0.5473938
0.3199768
0.7961731
0.3685608
0.8125305
0.0675354
0.14334106
0.65127563
0.46047974
0.9791565
0.56082153
0.535553
0.36624146
0.4298401
0.9236145
0.39639282
0.40481567
0.7945862
0.10671997
0.60879517
0.4512024
0.44839478
0.98513794
0.54776
0.3804016
0.76626587
0.4338684
0.58828735
0.06741333
0.12319946
0.32791138
0.1053772
0.38723755
0.89419556
0.54226685
0.47402954
0.21487427
0.45425415
0.9519348
0.069244385
0.4253235
0.17837524
0.43191528
0.26602173
0.8935852
0.44155884
0.85720825
0.43936157
0.49465942
0.61880493
0.10281372
0.9642639
0.10354614
0.085113525
0.04373169
0.21572876
0.59524536
0.21548462
0.55496216
0.5687561
0.8447571
0.3849182
0.5115051
0.39834595
0.7270813
0.9684143
0.7883606
0.07949829
0.11721802
0.3409729
0.26052856
0.98721313
0.89016724
0.877594
0.80300903
0.49649048
0.92092896
0.9532776
0.290802
0.9823303
0.084503174
0.9430237
0.5989075
0.81973267
0.2558899
0.22183228
0.60232544
0.3836975
0.3100891
0.16470337
0.17605591
0.049224854
0.12210083
0.14663696
0.19509888
0.1913147
0.56692505
0.54263306
0.53445435
0.18496704
0.51956177
0.72769165
0.069122314
0.40518188
0.855011
0.076812744
0.6741028
0.22695923
0.4482727
0.96499634
0.22439575
0.025299072
0.17434692
0.76724243
0.5950012
0.17520142
0.90823364
0.858551
0.6609192
0.05166626
0.52493286
0.6139221
0.29714966
0.029693604
0.8994446
0.4083557
0.37869263
0.48428345
0.9067688
0.6168518
0.7805481
0.7904358
0.42190552
0.6144104
0.37771606
0.32315063
0.31985474
0.7760315
0.045196533
0.45742798
0.47561646
0.4767151
0.6579895
0.5682678
0.7641907
0.09146118
0.09109497
0.030670166
0.060577393
0.9952698
0.21951294
0.21963501
0.23977661
0.56314087
0.9182434
0.51016235
0.17678833
0.17007446
0.062286377
0.2772522
0.74661255
0.19107056
0.52664185
0.89590454
0.82424927
0.0011291504
0.18630981
0.7411194
0.2846985
0.97525024
0.9162903
0.18789673
0.002960205
0.48843384
0.59158325
0.6112366
0.8540344
0.91567993
0.08718872
0.38613892
0.71292114
0.6319885
0.2781067
0.88760376
0.45462036
0.012359619
0.03933716
0.4906311
0.9541321
0.4317932
0.24588013
0.57022095
0.0864563
0.2652893
0.7727356
0.5013733
0.726593
0.8878479
0.49490356
0.65908813
0.74954224
0.674469
0.28738403
0.41836548
0.030303955
1.5258789E-4
0.025177002
0.15420532
0.44387817
0.23989868
0.5832825
0.24160767
0.8652649
0.7687073
0.83670044
0.05557251
0.16946411
0.96157837
0.6604309
0.97109985
0.23147583
0.19351196
0.9294739
0.3631897
0.92630005
0.83950806
0.51882935
0.60684204
0.12893677
0.27456665
0.3034973
0.077056885
0.714386
0.87368774
0.15847778
0.14883423
0.5576477
0.011871338
0.95877075
0.19717407
0.5337219
0.06411743
0.5793762
0.5970764
0.51760864
0.40542603
0.8952942
0.72354126
0.38430786
0.41079712
0.78152466
0.9515686
0.00881958
0.4552307
0.11306763
0.65615845
0.2661438
0.9137268
0.7649231
0.21231079
0.031280518
0.1612854
0.61209106
0.99502563
0.17922974
0.5729065
0.52957153
0.37930298
0.58499146
0.5235901
0.3923645
0.7401428
0.123565674
0.38833618
0.07546997
0.45254517
0.6699524
0.5421448
0.45388794
0.89151
0.09915161
0.36001587
0.4026184
0.43203735
0.28616333
0.21694946
0.7966614
0.4491272
0.10598755
0.48794556
0.51101685
0.31777954
0.43362427
0.54800415
0.4206848
0.41299438
0.14407349
0.77212524
0.40066528
0.10977173
0.112335205
0.53530884
0.32595825
0.7831116
0.21340942
0.21255493
0.07156372
0.8080139
0.32229614
0.17886353
0.5124817
0.55947876
0.31399536
0.8092346
0.52371216
0.4125061
0.06350708
0.4786682
0.9802551
0.74209595
0.4458313
0.5621643
0.7571106
0.9232483
0.33596802
0.4347229
0.72927856
0.33096313
0.60891724
0.471344
0.77175903
0.34024048
0.13967896
0.047027588
0.759552
0.32608032
0.8032532
0.5367737
0.5676575
0.66348267
0.4746399
0.31558228
0.07107544
0.7274475
0.028839111
0.75845337
0.14480591
0.89297485
0.34085083
0.24038696
0.6638489
0.5350647
0.28567505
0.13638306
0.50320435
0.028717041
0.73831177
0.82144165
0.5378723
0.7489319
0.573761
0.67056274
0.6428528
0.07070923
0.6670227
0.058746338
0.69314575
0.36904907
0.8930969
0.36099243
0.5637512
0.018951416
0.12698364
0.952301
0.12966919
0.39541626
0.24368286
0.20767212
0.26589966
0.8734436
0.11819458
0.5021057
0.8474426
0.82803345
0.6255188
0.2106018
0.7492981
0.6341858
0.6406555
0.7081604
0.84646606
0.66690063
0.038604736
0.3697815
0.013946533
0.30117798
0.69436646
0.5704651
0.1267395
0.9120178
0.48294067
0.6852112
0.05984497
0.87442017
0.2793274
0.089019775
0.68826294
0.563385
0.9585266
0.15689087
0.8869934
0.35391235
0.39553833
0.26382446
0.5310364
0.6210022
0.46536255
0.78482056
0.49539185
0.73965454
0.042999268
0.09487915
0.6550598
0.084869385
0.0034484863
0.56900024
0.8850403
0.03164673
0.2217102
0.58218384
0.060333252
0.9549866
0.5727844
0.50942993
0.05593872
0.22988892
0.93167114
0.7257385
0.7468567
0.23135376
0.17337036
0.6061096
0.008087158
0.3343811
0.17288208
0.5255432
0.7146301
0.91397095
0.8052063
0.8590393
0.7414856
0.3451233
0.945343
0.9815979
0.96365356
0.0028381348
0.46829224
0.268219
0.25613403
0.26211548
0.24905396
0.09390259
0.493927
0.49795532
0.16262817
0.8336487
0.5520325
0.085357666
0.08401489
0.8624573
0.30545044
0.3993225
0.8882141
0.55532837
0.6291809
0.81484985
0.45022583
0.28726196
0.39822388
0.7069397
0.64505005
0.43325806
0.48757935
0.45059204
0.34768677
0.36831665
0.7722473
0.42080688
0.433136
0.46743774
0.12722778
0.9925842
0.7763977
0.10562134
0.42752075
0.5409241
0.25247192
0.65786743
0.5481262
0.44082642
0.73635864
0.49917603
0.3640442
0.06729126
0.10305786
0.004547119
