0.7710266
0.67733765
0.40603638
0.18392944
0.98049927
0.8213806
0.8850403
0.26156616
0.6352844
0.5513611
0.8718567
0.11264038
0.36038208
0.74227905
0.9914856
0.6121521
0.78079224
0.26913452
0.868927
0.6351013
0.5215149
0.0069274902
0.12918091
0.056488037
0.20755005
0.83065796
0.3972473
0.75131226
0.4638977
0.6153259
0.29812622
0.594574
0.91555786
0.2359314
0.45681763
0.4612732
0.18753052
0.56747437
0.49832153
0.22640991
0.9048157
0.48495483
0.04763794
0.76498413
0.69241333
0.8633728
0.72976685
0.95199585
0.17532349
0.5777283
0.16970825
0.66244507
0.97854614
0.50302124
0.99246216
0.7713318
0.7270813
0.5142517
0.82302856
0.153656
0.045928955
0.48641968
0.28640747
0.6844177
0.5600891
0.29452515
0.007598877
0.23861694
0.89456177
0.8135681
0.6116028
0.69125366
0.6743469
0.9185486
0.7234192
0.9173279
0.5244446
0.48446655
0.9680481
0.7918396
0.06985474
0.38632202
0.9704895
0.18978882
0.9355774
0.499115
0.3557434
0.98617554
0.74661255
0.69784546
0.7488098
0.055999756
0.1279602
0.8575134
0.7746887
0.27426147
0.70462036
0.8531189
0.058380127
0.5159607
0.10159302
0.55966187
0.22488403
0.6560974
0.9438782
0.85214233
0.89920044
0.56967163
0.85647583
0.6055603
0.70632935
0.13168335
0.464386
0.6949158
0.27127075
0.21713257
0.39260864
0.99520874
0.21902466
0.7010193
0.2661438
0.3814392
0.17459106
0.4583435
0.70999146
0.7286072
0.76297
0.36410522
0.3491516
0.91171265
0.6091614
0.29330444
0.80862427
0.8057556
0.33816528
0.12094116
0.7134094
0.28573608
0.5749817
0.7220154
0.6885071
0.22665405
0.9446106
0.9715271
0.35891724
0.5035095
0.072052
0.7444763
0.3496399
0.9913025
0.5823059
0.91586304
0.28567505
0.56503296
0.100372314
0.36068726
0.7920227
0.09970093
0.25125122
0.953949
0.49368286
0.4703064
0.6599426
0.5706482
0.015655518
0.55184937
0.95144653
0.08578491
0.9829407
0.21932983
0.75076294
0.37435913
0.02053833
0.3477478
0.68289185
0.31137085
0.7534485
0.8121033
0.37283325
0.77182007
0.80667114
0.48739624
0.44558716
0.6307068
0.8052063
0.24862671
0.52615356
0.763031
0.37405396
0.9707947
0.23953247
0.043792725
0.13821411
0.52890015
0.21072388
0.34799194
0.72268677
0.7979431
0.06472778
0.55062866
0.7524719
0.6529236
0.4265442
0.5267029
0.8525696
0.96884155
0.9211731
0.1512146
0.64797974
0.620697
0.1736145
0.29916382
0.7637024
0.48349
0.8088684
0.84555054
0.82473755
0.43222046
0.4519348
0.66537476
0.4560852
0.34188843
0.7278137
0.6336365
0.28274536
0.0874939
0.26150513
0.6253357
0.929718
0.54403687
0.67800903
0.5154724
0.022003174
0.58651733
0.60232544
0.17904663
0.18460083
0.0899353
0.65945435
0.49105835
0.042510986
0.9292908
0.47439575
0.32650757
0.22073364
0.97958374
0.67214966
0.5603943
0.3442688
0.11581421
0.87771606
0.067718506
0.038116455
0.21298218
0.716095
0.7234802
0.9272766
0.14608765
0.8122864
0.40267944
0.63674927
0.7901306
0.7912903
0.98031616
0.7915344
0.020111084
0.2781067
0.33139038
0.01663208
0.71102905
0.8977356
0.3309021
0.93704224
0.7378845
0.275177
0.8538513
0.1777649
0.9756775
0.03543091
0.77523804
0.36380005
0.29940796
0.8034973
0.97006226
0.120147705
0.5840759
0.20437622
0.31332397
0.07180786
0.7046814
0.8630676
0.6800232
0.8437805
0.53622437
0.40457153
0.9451599
0.061065674
0.95370483
0.45388794
0.98373413
0.34866333
0.8321228
0.63601685
0.67074585
0.3315735
0.04647827
0.57595825
0.88119507
0.63479614
0.47177124
0.89871216
0.4900818
0.8833313
0.9830017
0.22927856
0.372406
0.70217896
0.45516968
0.19265747
0.40316772
0.7163391
0.76327515
0.41384888
0.45736694
0.55081177
0.7823181
0.5178528
0.41000366
0.8305969
0.38729858
0.12966919
0.13607788
0.18069458
0.45321655
0.8742981
0.5105896
0.22610474
0.855072
0.3767395
0.40853882
0.5918274
0.467865
0.2619934
0.70492554
0.90286255
0.16659546
0.15505981
0.27474976
0.7842102
0.8262634
0.6809387
0.9930115
0.86087036
0.3218689
0.46463013
0.7347107
0.757843
0.52841187
0.13113403
0.3748474
0.100128174
0.32089233
0.30545044
0.78842163
0.51272583
0.5743103
0.61257935
0.85043335
0.620636
0.16366577
0.67752075
0.43588257
0.048858643
0.96395874
0.12527466
0.4197693
0.4223938
0.8501892
0.58084106
0.6770935
0.36624146
0.6973572
0.66922
0.082855225
0.5054016
0.38046265
0.015411377
0.51205444
0.46487427
0.7745056
0.24441528
0.83969116
0.8696594
0.7544861
0.9812317
0.9407654
0.34475708
0.19540405
0.8508606
0.6902771
0.51516724
0.9722595
0.478302
0.9632263
0.0058898926
0.9600525
0.4885559
0.63461304
0.44192505
0.03378296
0.5066223
0.57943726
0.4482727
0.06845093
0.15750122
0.672699
0.64993286
0.9390564
0.06619263
0.7893982
0.6719055
0.52059937
0.85769653
0.8045349
0.13919067
0.68807983
0.15701294
0.59310913
0.67678833
0.3164978
0.58914185
0.03012085
0.9096985
0.28085327
0.77908325
0.99057007
0.46292114
0.45614624
0.35183716
0.3494568
0.9614563
0.7173767
0.93240356
0.981781
0.030303955
0.9395447
0.14578247
0.7625427
0.2944641
0.99765015
0.6169739
0.56674194
0.37893677
0.7666931
0.9709778
0.26937866
0.9087219
0.121673584
0.8327942
0.7454529
0.5088196
0.93759155
0.8274231
0.8699646
0.80422974
0.08944702
0.5798645
0.5179138
0.4199524
0.45224
0.7151184
0.56430054
0.98098755
0.90097046
0.8581848
0.88412476
0.112335205
0.31063843
0.6340637
0.35238647
0.43899536
0.5562439
0.6677551
0.8440857
0.585968
0.51278687
0.58425903
0.23422241
0.17825317
0.055267334
0.008575439
0.39779663
0.84085083
0.058685303
0.56570435
0.20980835
0.19876099
0.39804077
0.88064575
0.54525757
0.87698364
0.94833374
0.57839966
0.2791443
0.5005188
0.5845642
0.28396606
0.2864685
0.69436646
0.18173218
0.622345
0.44223022
0.08352661
0.61483765
0.21853638
0.62142944
0.29299927
0.7588806
0.6975403
0.69906616
0.9477844
0.48886108
0.6843567
0.5501404
0.6728821
0.67977905
0.8039856
0.0496521
0.09329224
0.20663452
0.681427
0.07260132
0.8340149
0.9444275
0.9416809
0.49398804
0.52005005
0.76815796
0.20974731
0.18881226
0.7763977
0.5528259
0.11062622
0.032073975
0.22805786
0.1734314
0.26931763
0.8987732
0.5000305
0.50497437
0.31082153
0.6639099
0.21731567
0.42245483
0.86013794
0.20248413
0.00491333
0.8008728
0.54226685
0.38949585
0.4878235
0.5152283
0.98220825
0.09994507
0.29104614
0.44052124
0.80496216
0.20883179
0.0395813
0.4517517
0.63552856
0.591156
0.35842896
0.42391968
0.09890747
0.121917725
0.8725891
0.23202515
0.8200989
0.67611694
0.20706177
0.7510681
0.42410278
0.12875366
0.9868469
0.8560486
0.5359192
0.35482788
0.8369446
0.42196655
0.7805481
0.2293396
0.38235474
0.32382202
0.7829895
0.6272888
0.2480774
0.436615
0.16824341
0.42367554
0.05911255
0.63534546
0.5613098
0.49349976
0.4404602
0.7950134
0.5871887
0.7117615
0.017120361
0.7906189
0.8708801
0.9534607
0.41409302
0.49716187
0.037384033
0.09359741
0.25637817
0.78964233
0.71170044
0.007171631
0.16897583
0.5430603
0.51882935
0.56918335
0.776886
0.6324158
0.08377075
0.65463257
0.70510864
0.93270874
0.03152466
0.13851929
0.5786438
0.3189392
0.98709106
0.8958435
0.022491455
0.6661072
0.57547
0.8016052
0.6616516
0.84921265
0.42166138
0.73080444
0.12112427
0.7432556
0.15066528
0.55844116
0.025909424
0.22323608
0.3874817
0.15951538
0.0010070801
0.16415405
0.7571106
0.4090271
0.67141724
0.44100952
0.884552
0.18197632
0.6621399
0.9288025
0.3948059
0.35336304
0.59817505
0.50253296
0.9128723
0.79818726
0.104522705
0.037200928
0.06375122
0.39144897
0.80618286
0.4078064
0.47244263
0.008148193
0.32815552
0.48934937
0.76394653
0.5232849
0.29544067
0.15682983
0.56326294
0.81185913
0.33303833
0.2852478
0.49539185
0.74887085
0.06594849
0.7496033
0.18533325
0.20932007
0.11917114
0.42489624
0.25808716
0.06820679
0.1177063
0.18612671
0.33865356
0.200531
0.68655396
0.9082947
0.05203247
0.48129272
0.4507141
0.46640015
0.023223877
0.78549194
0.035186768
0.7354431
0.8772278
0.98812866
0.064971924
0.5904236
0.23904419
0.9642029
0.16506958
0.90634155
0.7336731
0.5887146
0.96047974
0.558197
0.9861145
0.7366638
0.07620239
0.42099
0.6213684
0.28305054
0.13723755
0.36972046
0.2644348
0.102874756
0.7685852
0.27938843
0.5403137
0.071136475
0.59524536
0.024993896
0.07400513
0.06283569
0.24221802
0.48153687
0.49050903
0.9529724
0.33450317
0.52401733
0.41482544
0.61654663
0.49710083
0.027435303
0.47195435
0.92855835
0.355011
0.8667908
0.28689575
0.76400757
0.53323364
0.91708374
0.48464966
0.9978943
0.6567688
0.05331421
0.69021606
0.5052185
0.35061646
0.15048218
0.528595
0.16098022
0.23977661
0.08358765
0.6247864
0.84017944
0.94924927
0.7276306
0.6037903
0.41781616
0.104034424
0.9576111
0.09060669
0.7688904
0.32913208
0.64852905
0.7102356
0.7684021
0.24954224
0.6753845
0.087677
0.29135132
0.4902649
0.9131775
0.8479309
0.21273804
0.67630005
0.23690796
0.6159973
0.40756226
0.4326477
0.5215759
0.01687622
0.750824
0.38430786
0.6421814
0.6755676
0.11752319
0.15628052
0.47372437
0.21707153
0.3826599
0.37356567
0.89120483
0.26638794
0.42123413
0.66116333
0.7696228
0.44851685
0.10824585
0.6440735
0.9839783
0.38845825
0.31869507
0.94729614
0.40927124
0.71121216
0.9275818
0.1958313
0.9205017
0.041778564
0.809906
0.014678955
0.39266968
0.0051574707
0.8406677
0.028839111
0.70077515
0.22634888
0.89486694
0.86331177
0.7198181
0.33035278
0.84750366
0.14309692
0.32479858
0.9421692
0.5735779
0.49319458
0.39071655
0.6867981
0.9480896
0.53860474
0.792572
0.1892395
0.8460388
0.9043274
0.405365
0.07449341
0.14242554
0.21536255
0.10409546
0.9675598
0.71224976
0.096710205
0.7637634
0.49343872
0.43051147
0.17337036
0.2593689
0.27713013
0.1722107
0.07034302
0.46591187
0.94363403
0.8123474
0.41262817
0.25839233
0.11795044
0.22592163
0.82522583
0.5118103
0.42507935
0.28793335
0.933136
0.10116577
0.49002075
0.87338257
0.36135864
0.90145874
0.93777466
0.8572693
0.7348938
0.7876892
0.39334106
0.114593506
0.67874146
0.6348572
0.48171997
0.5203552
0.8179016
0.31796265
0.8279114
0.94955444
0.77737427
0.7120056
0.056915283
0.27719116
0.18215942
0.6919861
0.7937317
0.37826538
0.6572571
0.13290405
0.6633606
0.1277771
0.82766724
0.9097595
0.290802
0.40072632
0.3183899
0.8975525
0.3010559
0.07211304
0.75442505
0.97128296
0.3191223
0.016937256
0.7607727
0.0059509277
0.9700012
0.110198975
0.96243286
0.8765564
0.8786926
0.2268982
0.9844055
0.45809937
0.67019653
0.24203491
0.45169067
0.62557983
0.96951294
0.03060913
0.98928833
0.2539978
0.40164185
0.46762085
0.22219849
0.21835327
0.59158325
0.42807007
0.77542114
0.39364624
0.16433716
0.7869568
0.2739563
0.6548767
0.74490356
0.419281
0.34280396
0.8770447
0.9582825
0.20004272
0.6069641
0.93515015
0.42947388
0.0042419434
0.69143677
0.7041931
0.7834778
0.70687866
0.22122192
0.059173584
0.6452942
0.18295288
0.8213196
0.87509155
0.6399231
0.3074646
0.11672974
0.026947021
0.3923645
0.9554138
0.7324524
0.38974
0.5276184
0.0018005371
0.29348755
0.83847046
0.6706848
0.32162476
0.4248352
0.24813843
0.44656372
0.7898865
0.75149536
0.4937439
0.48025513
0.2815857
0.898468
0.45028687
0.39675903
0.6717224
0.49075317
0.99276733
0.82107544
0.83529663
0.15335083
0.9961853
0.37820435
0.64730835
0.511261
0.33554077
0.69314575
0.98275757
0.18948364
0.88583374
0.39089966
0.7166443
0.8130188
0.5220642
0.096466064
0.7239685
0.006866455
0.11923218
0.43484497
0.8797302
0.3960266
0.55233765
0.031036377
0.058929443
0.60549927
0.6963806
0.5100403
0.13656616
0.26028442
0.42636108
0.4968567
0.9876404
0.9853821
0.61727905
0.6164856
0.4871521
0.40579224
0.14413452
0.493927
0.5101013
0.1465149
0.8819275
0.7541809
0.93148804
0.83255005
0.70565796
0.022247314
0.62631226
0.088897705
0.49032593
0.9231262
0.46957397
0.54055786
0.1109314
0.08181763
0.3362732
0.8125305
0.44247437
0.12332153
0.10140991
0.5298157
0.35995483
0.67263794
0.63998413
0.31741333
0.7383728
0.35476685
0.82699585
0.8003235
0.45272827
0.79470825
0.53744507
0.60354614
0.37802124
0.61746216
0.6463318
0.3520813
0.3892517
0.44802856
0.028656006
0.67092896
0.36141968
0.9114075
0.5594177
0.18508911
0.16952515
0.6325989
0.11361694
0.51956177
0.6885681
0.23660278
0.56625366
0.29934692
0.7935486
0.3484192
0.7923279
0.14944458
0.35946655
0.5930481
0.6668396
0.69485474
0.26132202
0.5954895
0.06478882
0.5605774
0.374115
0.9807434
0.86117554
0.37161255
0.57284546
0.3738098
0.93099976
0.7529602
0.7325134
0.39968872
0.14926147
0.32962036
0.7281189
0.6833801
0.3909607
0.726593
0.43466187
0.84988403
0.5310974
0.5688782
0.72714233
0.52420044
0.44467163
0.48147583
0.4805603
0.33132935
0.0066833496
0.08938599
0.5699158
0.89627075
0.09213257
0.017608643
0.87020874
0.84402466
0.5760193
0.8911438
0.2564392
0.79959106
0.3333435
0.33499146
0.6036072
0.38796997
0.23910522
0.9741516
0.78671265
0.23416138
0.16830444
0.43362427
0.6807556
0.9631653
0.99594116
0.33840942
0.16073608
0.19998169
0.5970154
0.31350708
0.10165405
0.5696106
0.8465271
0.98391724
0.37850952
0.697052
0.6194763
0.9746399
0.8663025
0.20730591
0.79086304
0.91067505
0.44003296
0.7253723
0.23568726
0.4170227
0.9747009
0.8762512
0.828949
0.11868286
0.3453064
0.28494263
0.4456482
0.6406555
0.42684937
0.57644653
0.9607849
0.6079407
0.094329834
0.37576294
0.24935913
0.64553833
0.2227478
0.30789185
0.18637085
0.3784485
0.6871033
0.99783325
0.64682007
0.43167114
0.36239624
0.07058716
0.5057068
0.4302063
0.12362671
0.15115356
0.638031
0.99905396
0.8457947
0.8645325
0.9187927
0.7632141
0.40390015
0.8357239
0.22299194
0.34768677
0.6729431
0.6897278
0.42562866
0.37747192
0.5279236
0.05154419
0.40170288
0.47756958
0.84384155
0.5461731
0.0262146
0.27297974
0.49569702
0.7986145
0.17416382
0.3887024
0.35849
0.4338684
0.72055054
0.44973755
0.30722046
0.076934814
0.54037476
0.081085205
0.21688843
0.35281372
0.5086365
0.90774536
0.9624939
0.8865051
0.5003357
0.554718
0.41903687
0.30300903
0.3904724
0.6470032
0.46151733
0.22732544
0.05404663
0.80960083
0.9649353
0.28445435
0.36605835
0.667511
0.8042908
0.09939575
0.20150757
0.84573364
0.85458374
0.29714966
0.4353943
0.9692688
0.9908142
0.50271606
0.9427185
0.66311646
0.08798218
0.34109497
0.5984802
0.5522766
0.021087646
0.43728638
0.27767944
0.26174927
0.6651306
0.41629028
0.85531616
0.41653442
0.8951111
0.9031067
0.20639038
0.6416321
0.58602905
0.5227356
0.2059021
0.56204224
0.6128845
0.900177
0.7288513
0.8027649
0.8506775
0.6604309
0.65023804
0.98880005
0.17440796
0.4284973
0.84506226
0.7451477
0.45907593
0.8293762
0.18832397
0.69680786
0.5796814
0.48806763
0.5550232
0.46878052
0.41122437
0.029571533
0.8201599
0.6860657
0.82870483
0.07888794
0.85873413
0.97366333
0.7071228
0.26101685
0.54574585
0.9565735
0.9214783
0.20095825
0.75619507
0.25979614
0.34677124
0.52371216
0.3650818
0.5083313
0.8580017
0.85427856
0.247406
0.32717896
0.33016968
0.8176575
0.27816772
0.3413391
0.63827515
0.038848877
0.33236694
0.17581177
0.6573181
0.14285278
0.28500366
0.45559692
0.26229858
0.7546692
0.011077881
0.8056946
0.32821655
0.4992981
0.3855896
0.85110474
0.730072
0.001739502
0.28353882
0.2168274
0.342865
0.8869934
0.57992554
0.52786255
0.04159546
0.7800598
0.14974976
0.4092102
0.7012634
0.30593872
0.8680115
0.48587036
0.1968689
0.08963013
0.6097107
0.38284302
0.40341187
0.75613403
0.24984741
0.7251282
0.19589233
0.93045044
0.66342163
0.13772583
0.4493103
0.23757935
0.72543335
0.24563599
0.03866577
0.30252075
0.31088257
0.67385864
0.83895874
0.75027466
0.2947693
0.0473938
0.7251892
0.20584106
0.5520935
0.99124146
0.5723572
0.29421997
0.9578552
0.13040161
0.25546265
0.6404114
0.38705444
0.08987427
0.6495056
0.8694153
0.71469116
0.49465942
0.6294861
0.6062317
0.8157654
0.9697571
0.07040405
0.4758606
0.5652771
0.14016724
0.8472595
0.103302
0.8382263
0.6308899
0.8350525
0.11355591
0.50961304
0.06692505
0.90878296
0.13162231
0.45443726
0.073272705
0.9434509
0.7825012
0.547699
0.27493286
0.8140564
0.6911926
0.6643982
0.29690552
0.39559937
0.48269653
0.6795349
0.7641907
0.56307983
0.78201294
0.46810913
0.30178833
0.1914978
0.21414185
0.90512085
0.5346985
0.15585327
0.40408325
0.86557007
0.08792114
0.33114624
0.97683716
0.22445679
0.5864563
0.5923767
0.55740356
0.856781
0.65530396
0.8145447
0.7707825
0.6375427
0.9194641
0.87265015
0.24197388
0.44174194
0.0039367676
0.6416931
0.5959778
0.14437866
0.5337219
0.9966736
0.4577942
0.6204529
0.13381958
0.81259155
0.4524231
0.7449646
0.42922974
0.964447
0.2048645
0.39291382
0.044952393
0.32724
0.3401184
0.43930054
0.60598755
0.77597046
0.4831848
0.75912476
0.7373352
0.18563843
0.25906372
0.22738647
0.06399536
0.4312439
0.29275513
0.7190857
0.21096802
0.38778687
0.20925903
0.10922241
0.8032532
0.93026733
0.63357544
0.27279663
0.46585083
0.9336853
0.19070435
0.08480835
0.823761
0.27304077
0.50564575
0.42025757
0.50198364
0.82333374
0.20339966
0.15414429
0.1255188
0.4595642
0.90896606
0.1614685
0.31936646
0.056732178
0.24734497
0.31723022
0.7085266
0.48983765
0.8435364
0.49642944
0.91799927
0.6338806
0.32254028
0.57406616
0.5727844
0.36386108
0.3093567
0.42514038
0.29788208
0.55477905
0.4289856
0.9246521
0.71829224
0.08163452
0.306427
0.9476013
0.4590149
0.8194275
0.5666809
0.36898804
0.14505005
0.64315796
0.8347473
0.063812256
0.4013977
0.42782593
0.7356262
0.907074
0.85305786
0.048431396
0.8943176
0.7737732
0.12503052
0.37997437
0.93582153
0.5389099
0.8423157
0.29745483
0.48513794
0.07748413
0.62991333
0.6758728
0.16726685
0.26449585
0.11282349
0.39022827
0.60720825
0.97494507
0.91604614
0.31552124
0.42996216
0.08383179
0.6645813
0.3267517
0.26052856
0.466156
0.98342896
0.29891968
0.7239075
0.9969177
0.4975891
0.10702515
0.44509888
0.55111694
0.83206177
0.6260681
0.049102783
0.003753662
0.6118469
0.7310486
0.16091919
0.22982788
0.46194458
0.29696655
0.4055481
0.1043396
0.0073547363
0.19882202
0.4079895
0.5022888
0.8730774
0.311615
0.7932434
0.29867554
0.68411255
0.51034546
0.18630981
0.36849976
0.065460205
0.6700134
0.21218872
0.5867615
0.64212036
0.6656189
0.49588013
0.8284607
0.039093018
0.37216187
0.66238403
0.9685974
0.8813782
0.66464233
0.33670044
0.88217163
0.79397583
0.4180603
0.14382935
0.44418335
0.401886
0.5074158
0.70877075
0.52963257
0.33010864
0.80770874
0.65652466
0.013519287
0.2036438
0.19393921
0.61209106
0.7708435
0.64749146
0.5411072
0.20046997
0.6766052
0.2866516
0.72421265
0.046661377
0.60580444
0.74612427
0.6182556
0.7756653
0.43344116
0.6509094
0.098236084
0.012481689
0.03451538
0.6260071
0.039154053
0.3821106
0.2840271
0.29641724
0.31600952
0.509552
0.05697632
0.2871399
0.8038025
0.019805908
0.22836304
0.22317505
0.37753296
0.5378723
0.67318726
0.7295227
0.9122009
0.6887512
0.26644897
0.43118286
0.2828064
0.09744263
0.8831482
0.9531555
0.36434937
0.38894653
0.3982849
0.9204407
0.031829834
0.18826294
0.68685913
0.95803833
0.1602478
0.120391846
0.62387085
0.6909485
0.6246033
0.81033325
0.08432007
0.74417114
0.29989624
0.88308716
0.9432068
0.7427063
0.06112671
0.96365356
0.075531006
0.31155396
0.7832947
0.6770325
0.35629272
0.07571411
0.34140015
0.6482239
0.66049194
0.66018677
0.6104431
0.5022278
0.86312866
0.6899719
0.46542358
0.8640442
0.8392029
0.7900696
0.78134155
0.3586731
0.4637146
0.58547974
0.43319702
0.6111145
0.6116638
0.7012024
0.29599
0.24636841
0.15805054
0.76223755
0.24472046
0.8894348
0.97787476
0.3935852
0.15438843
0.16531372
0.9461365
0.22024536
0.8999939
0.6990051
0.9378357
0.867218
0.35653687
0.11550903
0.8279724
0.9595032
0.39901733
0.03982544
0.49154663
0.12210083
0.9024353
0.096954346
0.80355835
0.980011
0.7417908
0.91189575
0.63900757
0.15823364
0.79208374
0.10964966
0.8728943
0.2817688
0.9283142
0.31521606
0.3802185
0.97561646
0.025482178
0.15359497
0.035980225
0.8647766
0.95858765
0.24978638
0.71517944
0.57424927
0.6026306
0.22879028
0.29281616
0.7290344
0.8326111
0.7156067
0.6438904
0.9541321
0.52352905
0.3352356
0.6434021
0.87454224
0.5503845
0.712677
0.16635132
0.11526489
0.7881775
0.4729309
0.08773804
0.30130005
0.11190796
0.24099731
0.28256226
0.057647705
0.39657593
0.6418762
0.625824
0.009307861
0.5171814
0.30056763
0.9925232
0.7812805
0.34872437
0.84207153
0.2576599
0.9985657
0.76620483
0.89138794
0.29623413
0.28616333
0.6446228
0.073516846
0.98324585
0.2690735
0.8589783
0.013458252
0.19369507
0.57229614
0.28427124
0.33621216
0.8025818
0.8208313
0.7955017
0.66677856
0.684906
0.63967896
0.26766968
0.6301575
0.7156677
0.6538391
0.57577515
0.8513489
0.76986694
0.48831177
0.5948181
0.9553528
0.72250366
0.7680969
0.19979858
0.5671692
0.44857788
0.11819458
0.26571655
0.3117981
0.8230896
0.16360474
0.667572
0.8142395
0.7210388
0.5293274
0.280365
0.6994934
0.017425537
0.84036255
0.97909546
0.5925598
0.58724976
0.7217102
0.6387634
0.11843872
0.30551147
0.79837036
0.1343689
0.9021301
0.047210693
0.695343
0.34091187
0.56863403
0.6873474
0.037628174
0.13339233
0.74295044
0.10092163
0.45022583
0.3868103
0.050079346
0.16293335
0.558136
0.9761658
0.11502075
0.74838257
0.98635864
0.77645874
0.56277466
0.7322693
0.3598938
0.6626892
0.018341064
0.9895935
0.30374146
0.5098572
0.10671997
0.39535522
0.4429016
0.19296265
0.45291138
0.82455444
0.40237427
0.5870056
0.6819153
0.15219116
0.8071594
0.5669861
0.4187317
0.25326538
0.28225708
0.007904053
0.2883606
0.0027770996
0.45266724
0.7847595
0.915802
0.27572632
0.9433899
0.7725525
0.9260559
0.94711304
0.37942505
0.84628296
0.9441223
0.89193726
0.3857727
0.8809509
0.5950012
0.985199
0.58743286
0.7515564
0.5036926
0.10189819
0.6094055
0.33309937
0.29519653
0.11703491
0.076690674
0.50057983
0.59451294
0.90560913
0.61428833
0.1289978
0.026641846
0.34262085
0.8471985
0.09335327
0.21658325
0.30307007
0.40042114
0.26864624
0.78933716
0.6619568
0.8989563
0.5298767
0.36990356
0.294281
0.96780396
0.7520447
0.5832825
0.075042725
0.23196411
0.81015015
0.054473877
0.87924194
0.31643677
0.5791931
0.40847778
0.58187866
0.8462219
0.9341736
0.2702942
0.05795288
0.44631958
0.75009155
0.2649231
0.1824646
0.74172974
0.901947
0.017364502
0.8304138
0.3574524
0.26474
0.15261841
0.87680054
0.91848755
0.71347046
0.2956848
0.19662476
0.049835205
0.12313843
0.07156372
0.6648865
0.37649536
0.3687439
0.10525513
0.1565857
0.523468
0.32528687
0.021759033
0.5467224
0.115753174
0.86776733
0.44607544
0.71029663
0.77835083
0.8711853
0.0032043457
0.52230835
0.13626099
0.21054077
0.31814575
0.85775757
0.81448364
0.76083374
0.015899658
0.5916443
0.4380188
0.3970642
0.72146606
0.5989685
0.63186646
0.9942322
0.05984497
0.7547302
0.021026611
0.42733765
0.6560364
0.93392944
0.23049927
0.5713806
0.13504028
0.011566162
0.8852844
0.30136108
0.12185669
0.8626404
0.6103821
0.49227905
0.2414856
0.3621521
0.030792236
0.019134521
0.118927
0.38510132
0.7715149
0.7569275
0.3791809
0.80648804
0.45755005
0.58065796
0.6472473
0.50131226
0.7138977
0.36532593
0.5481262
0.34457397
0.16555786
0.9859314
0.7068176
0.2112732
0.43753052
0.31747437
0.74832153
0.9764099
0.15481567
0.23495483
0.29763794
0.51498413
0.94241333
0.6133728
0.97976685
0.70199585
0.4253235
0.32772827
0.41970825
0.41244507
0.22854614
0.25302124
0.24246216
0.5213318
0.9770813
0.2642517
0.073028564
0.903656
0.29592896
0.23641968
0.5364075
0.43441772
0.8100891
0.044525146
0.25759888
0.98861694
0.14456177
0.5635681
0.8616028
0.44125366
0.9243469
0.6685486
0.9734192
0.6673279
0.7744446
0.23446655
0.2180481
0.5418396
0.31985474
0.13632202
0.2204895
0.9397888
0.1855774
0.24911499
0.6057434
0.73617554
0.99661255
0.44784546
0.9988098
0.80599976
0.3779602
0.6075134
0.02468872
0.024261475
0.95462036
0.6031189
0.30838013
0.2659607
0.35159302
0.30966187
0.47488403
0.4060974
0.19387817
0.60214233
0.14920044
0.31967163
0.10647583
0.3555603
0.95632935
0.88168335
0.714386
0.44491577
0.52127075
0.96713257
0.64260864
0.74520874
0.46902466
0.4510193
0.5161438
0.13143921
0.42459106
0.2083435
0.95999146
0.47860718
0.012969971
0.114105225
0.5991516
0.66171265
0.8591614
0.043304443
0.058624268
0.5557556
0.5881653
0.87094116
0.9634094
0.035736084
0.8249817
0.47201538
0.9385071
0.97665405
0.1946106
0.7215271
0.60891724
0.25350952
0.322052
0.49447632
0.5996399
0.7413025
0.8323059
0.66586304
0.53567505
0.31503296
0.3503723
0.110687256
0.042022705
0.8497009
0.5012512
0.703949
0.74368286
0.2203064
0.9099426
0.3206482
0.26565552
0.30184937
0.20144653
0.8357849
0.23294067
0.96932983
7.6293945E-4
0.12435913
0.27053833
0.0977478
0.93289185
0.06137085
0.0034484863
0.5621033
0.62283325
0.52182007
0.056671143
0.23739624
0.69558716
0.3807068
0.0552063
0.9986267
0.77615356
0.513031
0.62405396
0.7207947
0.48953247
0.7937927
0.3882141
0.27890015
0.46072388
0.09799194
0.97268677
0.5479431
0.31472778
0.30062866
0.0024719238
0.40292358
0.6765442
0.27670288
0.10256958
0.71884155
0.1711731
0.9012146
0.89797974
0.37069702
0.4236145
0.04916382
0.013702393
0.23348999
0.05886841
0.59555054
0.07473755
0.18222046
0.7019348
0.41537476
0.7060852
0.09188843
0.9778137
0.38363647
0.53274536
0.8374939
0.5115051
0.3753357
0.17971802
0.29403687
0.92800903
0.2654724
0.27200317
0.33651733
0.85232544
0.92904663
0.43460083
0.8399353
0.90945435
0.24105835
0.292511
0.6792908
0.72439575
0.07650757
0.47073364
0.72958374
0.92214966
0.3103943
0.5942688
0.8658142
0.12771606
0.8177185
0.28811646
0.9629822
0.966095
0.47348022
0.17727661
0.89608765
0.062286377
0.15267944
0.88674927
0.5401306
0.041290283
0.73031616
0.041534424
0.7701111
0.5281067
0.08139038
0.26663208
0.46102905
0.1477356
0.0809021
0.18704224
0.48788452
0.525177
0.6038513
0.4277649
0.7256775
0.2854309
0.52523804
0.61380005
0.04940796
0.053497314
0.72006226
0.3701477
0.33407593
0.45437622
0.063323975
0.32180786
0.4546814
0.11306763
0.4300232
0.09378052
0.28622437
0.65457153
0.6951599
0.31106567
0.70370483
0.70388794
0.73373413
0.59866333
0.5821228
0.88601685
0.42074585
0.5815735
0.7964783
0.82595825
0.63119507
0.88479614
0.22177124
0.14871216
0.24008179
0.1333313
0.7330017
0.47927856
0.122406006
0.95217896
0.20516968
0.44265747
0.15316772
0.9663391
0.51327515
0.6638489
0.20736694
0.80081177
0.5323181
0.7678528
0.16000366
0.080596924
0.13729858
0.3796692
0.8860779
0.43069458
0.20321655
0.124298096
0.2605896
0.47610474
0.605072
0.6267395
0.15853882
0.8418274
0.21786499
0.5119934
0.45492554
0.15286255
0.91659546
0.4050598
0.024749756
0.034210205
0.5762634
0.9309387
0.7430115
0.11087036
0.0718689
0.7146301
0.4847107
0.007843018
0.27841187
0.38113403
0.12484741
0.35012817
0.070892334
0.55545044
0.53842163
0.76272583
0.3243103
0.86257935
0.60043335
0.870636
0.9136658
0.92752075
0.18588257
0.29885864
0.71395874
0.37527466
0.16976929
0.6723938
0.6001892
0.83084106
0.4270935
0.61624146
0.44735718
0.91922
0.8328552
0.7554016
0.13046265
0.26541138
0.26205444
0.71487427
0.5245056
0.49441528
0.58969116
0.119659424
0.5044861
0.23123169
0.6907654
0.5947571
0.94540405
0.100860596
0.4402771
0.76516724
0.7222595
0.728302
0.7132263
0.2558899
0.7100525
0.7385559
0.38461304
0.69192505
0.78378296
0.7566223
0.32943726
0.6982727
0.8184509
0.40750122
0.42269897
0.89993286
0.6890564
0.31619263
0.5393982
0.9219055
0.27059937
0.10769653
0.5545349
0.38919067
0.43807983
0.40701294
0.34310913
0.92678833
0.0664978
0.83914185
0.78012085
0.15969849
0.030853271
0.029083252
0.74057007
0.71292114
0.20614624
0.60183716
0.09945679
0.2114563
0.4673767
0.18240356
0.731781
0.28030396
0.6895447
0.39578247
0.5125427
0.5444641
0.74765015
0.8669739
0.31674194
0.62893677
0.5166931
0.22097778
0.019378662
0.15872192
0.8716736
0.08279419
0.49545288
0.7588196
0.68759155
0.077423096
0.6199646
0.054229736
0.839447
0.8298645
0.26791382
0.6699524
0.20223999
0.9651184
0.31430054
0.23098755
0.65097046
0.108184814
0.63412476
0.3623352
0.060638428
0.8840637
0.102386475
0.68899536
0.3062439
0.9177551
0.5940857
0.835968
0.26278687
0.83425903
0.9842224
0.42825317
0.80526733
0.25857544
0.14779663
0.09085083
0.8086853
0.81570435
0.95980835
0.448761
0.14804077
0.13064575
0.29525757
0.12698364
0.69833374
0.82839966
0.029144287
0.7505188
0.3345642
0.53396606
0.036468506
0.94436646
0.9317322
0.872345
0.19223022
0.3335266
0.36483765
0.46853638
0.37142944
0.54299927
0.5088806
0.9475403
0.44906616
0.19778442
0.23886108
0.9343567
0.30014038
0.9228821
0.42977905
0.053985596
0.7996521
0.34329224
0.9566345
0.931427
0.8226013
0.08401489
0.6944275
0.19168091
0.24398804
0.77005005
0.51815796
0.4597473
0.93881226
0.026397705
0.30282593
0.36062622
0.782074
0.47805786
0.9234314
0.5193176
0.6487732
0.7500305
0.25497437
0.56082153
0.4139099
0.46731567
0.17245483
0.11013794
0.95248413
0.25491333
0.5508728
0.79226685
0.13949585
0.7378235
0.26522827
0.23220825
0.84994507
0.54104614
0.19052124
0.05496216
0.9588318
0.2895813
0.20175171
0.88552856
0.341156
0.60842896
0.17391968
0.34890747
0.8719177
0.12258911
0.98202515
0.07009888
0.42611694
0.45706177
0.5010681
0.6741028
0.87875366
0.23684692
0.6060486
0.7859192
0.10482788
0.08694458
0.17196655
0.030548096
0.9793396
0.63235474
0.07382202
0.032989502
0.37728882
0.4980774
0.18661499
0.4182434
0.17367554
0.30911255
0.38534546
0.8113098
0.24349976
0.6904602
0.5450134
0.8371887
0.46176147
0.26712036
0.5406189
0.12088013
0.7034607
0.664093
0.24716187
0.28738403
0.8435974
0.5063782
0.53964233
0.96170044
0.75717163
0.41897583
0.2930603
0.76882935
0.31918335
0.026885986
0.38241577
0.33377075
0.40463257
0.95510864
0.68270874
0.28152466
0.8885193
0.8286438
0.06893921
0.23709106
0.6458435
0.27249146
0.41610718
0.82547
0.5516052
0.9116516
0.59921265
0.6716614
0.48080444
0.37112427
0.49325562
0.40066528
0.30844116
0.27590942
0.9732361
0.6374817
0.9095154
0.25100708
0.91415405
0.0071105957
0.1590271
0.92141724
0.19100952
0.134552
0.9319763
0.9121399
0.6788025
0.6448059
0.10336304
0.84817505
0.25253296
0.16287231
0.54818726
0.3545227
0.7872009
0.31375122
0.14144897
0.05618286
0.1578064
0.7224426
0.7581482
0.5781555
0.23934937
0.013946533
0.2732849
0.5454407
0.90682983
0.81326294
0.56185913
0.58303833
0.035247803
0.74539185
0.49887085
0.3159485
0.49960327
0.43533325
0.95932007
0.36917114
0.17489624
0.50808716
0.8182068
0.3677063
0.9361267
0.58865356
0.950531
0.93655396
0.6582947
0.30203247
0.23129272
0.7007141
0.21640015
0.27322388
0.53549194
0.28518677
0.48544312
0.12722778
0.73812866
0.31497192
0.34042358
0.4890442
0.7142029
0.41506958
0.65634155
0.9836731
0.3387146
0.21047974
0.30819702
0.2361145
0.48666382
0.3262024
0.17098999
0.8713684
0.033050537
0.38723755
0.11972046
0.5144348
0.85287476
0.018585205
0.029388428
0.7903137
0.8211365
0.84524536
0.7749939
0.32400513
0.8128357
0.49221802
0.23153687
0.74050903
0.7029724
0.5845032
0.27401733
0.66482544
0.36654663
0.74710083
0.7774353
0.72195435
0.67855835
0.605011
0.6167908
0.53689575
0.51400757
0.78323364
0.66708374
0.73464966
0.7478943
0.9067688
0.8033142
0.94021606
0.2552185
0.60061646
0.9004822
0.778595
0.9109802
0.4897766
0.83358765
0.8747864
0.59017944
0.19924927
0.47763062
0.8537903
0.16781616
0.35403442
0.7076111
0.3406067
0.5188904
0.5791321
0.39852905
0.9602356
0.5184021
0.49954224
0.42538452
0.337677
0.04135132
0.7402649
0.6631775
0.09793091
0.96273804
0.92630005
0.98690796
0.8659973
0.15756226
0.6826477
0.27157593
0.26687622
0.500824
0.63430786
0.3921814
0.9255676
0.8675232
0.40628052
0.22372437
0.46707153
0.13265991
0.6235657
0.64120483
0.51638794
0.17123413
0.91116333
0.5196228
0.69851685
0.85824585
0.8940735
0.7339783
0.63845825
0.06869507
0.19729614
0.15927124
0.96121216
0.6775818
0.4458313
0.6705017
0.29177856
0.559906
0.26467896
0.14266968
0.25515747
0.5906677
0.2788391
0.45077515
0.47634888
0.64486694
0.11331177
0.46981812
0.5803528
0.59750366
0.39309692
0.074798584
0.19216919
0.32357788
0.7431946
0.14071655
0.9367981
0.6980896
0.78860474
0.542572
0.4392395
0.5960388
0.1543274
0.15536499
0.3244934
0.89242554
0.46536255
0.85409546
0.21755981
0.46224976
0.3467102
0.5137634
0.7434387
0.18051147
0.42337036
0.0093688965
0.5271301
0.9222107
0.32034302
0.21591187
0.19363403
0.5623474
0.6626282
0.008392334
0.36795044
0.97592163
0.07522583
0.2618103
0.67507935
0.03793335
0.18313599
0.8511658
0.74002075
0.62338257
0.61135864
0.65145874
0.18777466
0.6072693
0.9848938
0.5376892
0.64334106
0.8645935
0.92874146
0.38485718
0.73172
0.27035522
0.06790161
0.06796265
0.07791138
0.69955444
0.027374268
0.46200562
0.30691528
0.027191162
0.43215942
0.44198608
0.04373169
0.12826538
0.9072571
0.88290405
0.9133606
0.8777771
0.07766724
0.6597595
0.540802
0.15072632
0.5683899
0.6475525
0.5510559
0.82211304
0.004425049
0.72128296
0.5691223
0.76693726
0.010772705
0.7559509
0.22000122
0.860199
0.21243286
0.6265564
0.12869263
0.9768982
0.23440552
0.20809937
0.92019653
0.9920349
0.7016907
0.37557983
0.21951294
0.78060913
0.23928833
0.0039978027
0.65164185
0.21762085
0.4721985
0.9683533
0.84158325
0.17807007
0.025421143
0.14364624
0.41433716
0.5369568
0.5239563
0.4048767
0.99490356
0.169281
0.59280396
0.6270447
0.20828247
0.9500427
0.8569641
0.68515015
0.6794739
0.75424194
0.94143677
0.45419312
0.033477783
0.45687866
0.47122192
0.8091736
0.8952942
0.9329529
0.07131958
0.62509155
0.8899231
0.0574646
0.36672974
0.776947
0.6423645
0.7054138
0.9824524
0.13973999
0.7776184
0.75180054
0.54348755
0.58847046
0.9206848
0.071624756
0.6748352
0.9981384
0.6965637
0.5398865
0.0014953613
0.2437439
0.7302551
0.031585693
0.14846802
0.20028687
0.64675903
0.4217224
0.7407532
0.74276733
0.07107544
0.58529663
0.40335083
0.7461853
0.62820435
0.39730835
0.761261
0.08554077
0.94314575
0.73275757
0.43948364
0.63583374
0.64089966
0.4666443
0.0630188
0.2720642
0.34646606
0.4739685
0.25686646
0.8692322
0.684845
0.6297302
0.6460266
0.30233765
0.28103638
0.80892944
0.85549927
0.44638062
0.7600403
0.88656616
0.5102844
0.17636108
0.7468567
0.7376404
0.23538208
0.36727905
0.8664856
0.2371521
0.65579224
0.8941345
0.743927
0.26010132
0.3965149
0.6319275
0.004180908
0.68148804
0.08255005
0.45565796
0.2722473
0.37631226
0.3388977
0.24032593
0.17312622
0.21957397
0.79055786
0.8609314
0.33181763
0.08627319
0.06253052
0.19247437
0.37332153
0.8514099
0.7798157
0.109954834
0.92263794
0.38998413
0.56741333
0.4883728
0.60476685
0.57699585
0.050323486
0.20272827
0.044708252
0.28744507
0.85354614
0.12802124
0.86746216
0.3963318
0.6020813
0.13925171
0.69802856
0.778656
0.92092896
0.11141968
0.16140747
0.30941772
0.4350891
0.91952515
0.8825989
0.86361694
0.76956177
0.43856812
0.48660278
0.31625366
0.5493469
0.5435486
0.5984192
0.5423279
0.39944458
0.10946655
0.8430481
0.4168396
0.94485474
0.0113220215
0.8454895
0.8147888
0.8105774
0.12411499
0.23074341
0.61117554
0.62161255
0.32284546
0.6238098
0.68099976
0.002960205
0.48251343
0.6496887
0.8992615
0.57962036
0.4781189
0.9333801
0.1409607
0.976593
0.18466187
0.09988403
0.2810974
0.8188782
0.47714233
0.77420044
0.19467163
0.73147583
0.2305603
0.58132935
0.75668335
0.339386
0.31991577
0.14627075
0.84213257
0.26760864
0.62020874
0.09402466
0.3260193
0.1411438
0.006439209
0.049591064
0.083343506
0.58499146
0.35360718
0.63797
0.9891052
0.22415161
0.53671265
0.48416138
0.91830444
0.68362427
0.43075562
0.21316528
0.74594116
0.5884094
0.9107361
0.4499817
0.34701538
0.5635071
0.85165405
0.8196106
0.5965271
0.23391724
0.12850952
0.947052
0.36947632
0.2246399
0.6163025
0.4573059
0.54086304
0.16067505
0.19003296
0.9753723
0.98568726
0.6670227
0.7247009
0.12625122
0.578949
0.36868286
0.0953064
0.5349426
0.1956482
0.8906555
0.17684937
0.82644653
0.7107849
0.8579407
0.84432983
0.62576294
0.99935913
0.89553833
0.9727478
0.55789185
0.93637085
0.6284485
0.43710327
0.24783325
0.39682007
0.68167114
0.11239624
0.32058716
0.2557068
0.6802063
0.8736267
0.40115356
0.388031
0.24905396
0.5957947
0.11453247
0.6687927
0.013214111
0.15390015
0.08572388
0.97299194
0.59768677
0.42294312
0.9397278
0.17562866
0.6274719
0.27792358
0.3015442
0.15170288
0.7275696
0.59384155
0.7961731
0.7762146
0.52297974
0.24569702
0.048614502
0.9241638
0.6387024
0.10848999
0.6838684
0.47055054
0.69973755
0.05722046
0.3269348
0.29037476
0.3310852
0.9668884
0.6028137
0.25863647
0.15774536
0.7124939
0.13650513
0.2503357
0.804718
0.16903687
0.55300903
0.14047241
0.8970032
0.21151733
0.47732544
0.80404663
0.05960083
0.7149353
0.53445435
0.11605835
0.917511
0.5542908
0.34939575
0.95150757
0.09573364
0.60458374
0.54714966
0.18539429
0.2192688
0.7408142
0.75271606
0.6927185
0.91311646
0.8379822
0.591095
0.34848022
0.8022766
0.77108765
0.6872864
0.027679443
0.51174927
0.41513062
0.6662903
0.60531616
0.6665344
0.6451111
0.15310669
0.9563904
0.8916321
0.33602905
0.7727356
0.9559021
0.81204224
0.36288452
0.150177
0.47885132
0.052764893
0.6006775
0.9104309
0.40023804
0.23880005
0.92440796
0.6784973
0.59506226
0.9951477
0.20907593
0.07937622
0.938324
0.94680786
0.3296814
0.7380676
0.3050232
0.7187805
0.16122437
0.27957153
0.5701599
0.9360657
0.57870483
0.32888794
0.60873413
0.22366333
0.4571228
0.51101685
0.29574585
0.20657349
0.6714783
0.45095825
0.50619507
0.50979614
0.09677124
0.77371216
0.11508179
0.7583313
0.6080017
0.104278564
0.997406
0.57717896
0.08016968
0.06765747
0.028167725
0.5913391
0.38827515
0.28884888
0.08236694
0.42581177
0.40731812
0.39285278
0.035003662
0.7055969
0.012298584
0.0046691895
0.7610779
0.05569458
0.07821655
0.7492981
0.1355896
0.10110474
0.48007202
0.2517395
0.03353882
0.4668274
0.09286499
0.13699341
0.32992554
0.77786255
0.79159546
0.030059814
0.89974976
0.6592102
0.45126343
0.5559387
0.6180115
0.73587036
0.9468689
0.33963013
0.3597107
0.632843
0.15341187
0.006134033
0.9998474
0.9751282
0.94589233
0.18045044
0.41342163
0.38772583
0.1993103
0.48757935
0.47543335
0.495636
0.7886658
0.55252075
0.06088257
0.92385864
0.58895874
2.746582E-4
0.044769287
0.2973938
0.4751892
0.45584106
0.3020935
0.24124146
0.32235718
0.54422
0.7078552
0.3804016
0.0054626465
0.8904114
0.13705444
0.33987427
0.39950562
0.11941528
0.46469116
0.7446594
0.37948608
0.8562317
0.5657654
0.21975708
0.82040405
0.7258606
0.3152771
0.39016724
0.5972595
0.353302
0.5882263
0.8808899
0.5850525
0.3635559
0.25961304
0.31692505
0.65878296
0.3816223
0.20443726
0.3232727
0.6934509
0.03250122
0.29769897
0.52493286
0.5640564
0.9411926
0.4143982
0.5469055
0.14559937
0.73269653
0.4295349
0.014190674
0.31307983
0.03201294
0.21810913
0.55178833
0.9414978
0.46414185
0.65512085
0.7846985
0.9058533
0.65408325
0.61557007
0.33792114
0.08114624
0.22683716
0.9744568
0.8364563
0.3423767
0.80740356
0.606781
0.90530396
0.5645447
0.02078247
0.38754272
0.16946411
0.62265015
0.49197388
0.19174194
0.25393677
0.39169312
0.8459778
0.89437866
0.7837219
0.7466736
0.7077942
0.37045288
0.38381958
0.56259155
0.7024231
0.4949646
0.67922974
0.714447
0.4548645
0.14291382
0.2949524
0.07723999
0.5901184
0.18930054
0.85598755
0.52597046
0.7331848
0.50912476
0.9873352
0.9356384
0.5090637
0.9773865
0.31399536
0.1812439
0.5427551
0.4690857
0.46096802
0.13778687
0.45925903
0.8592224
0.053253174
0.68026733
0.88357544
0.02279663
0.71585083
0.6836853
0.44070435
0.83480835
0.07376099
0.023040771
0.75564575
0.17025757
0.75198364
0.57333374
0.45339966
0.9041443
0.3755188
0.20956421
0.15896606
0.9114685
0.56936646
0.8067322
0.49734497
0.067230225
0.9585266
0.23983765
0.09353638
0.24642944
0.16799927
0.38388062
0.5725403
0.32406616
0.8227844
0.113861084
0.5593567
0.17514038
0.5478821
0.30477905
0.6789856
0.6746521
0.96829224
0.8316345
0.556427
0.6976013
0.7090149
0.5694275
0.8166809
0.11898804
0.39505005
0.39315796
0.084747314
0.81381226
0.6513977
0.17782593
0.9856262
0.657074
0.10305786
0.7984314
0.14431763
0.5237732
0.37503052
0.12997437
0.18582153
0.2889099
0.092315674
0.047454834
0.73513794
0.82748413
0.87991333
0.4258728
0.41726685
0.01449585
0.3628235
0.14022827
0.85720825
0.72494507
0.16604614
0.06552124
0.67996216
0.8338318
0.9145813
0.07675171
0.51052856
0.216156
0.23342896
0.048919678
0.9739075
0.7469177
0.7475891
0.85702515
0.6950989
0.30111694
0.08206177
0.37606812
0.29910278
0.75375366
0.8618469
0.48104858
0.4109192
0.9798279
0.7119446
0.046966553
0.6555481
0.8543396
0.25735474
0.948822
0.6579895
0.25228882
0.12307739
0.06161499
0.04324341
0.048675537
0.93411255
0.26034546
0.4363098
0.118499756
0.3154602
0.42001343
0.46218872
0.33676147
0.89212036
0.4156189
0.7458801
0.5784607
0.28909302
0.122161865
0.91238403
0.7185974
0.13137817
0.41464233
0.58670044
0.63217163
0.04397583
0.1680603
0.39382935
0.19418335
0.651886
0.25741577
0.95877075
0.27963257
0.58010864
0.55770874
0.90652466
0.7635193
0.4536438
0.9439392
0.86209106
0.5208435
0.89749146
0.29110718
0.45046997
0.42660522
0.5366516
0.47421265
0.29666138
0.35580444
0.99612427
0.36825562
0.025665283
0.18344116
0.9009094
0.8482361
0.2624817
0.7845154
0.8760071
0.78915405
0.6321106
0.0340271
0.54641724
0.06600952
0.759552
0.8069763
0.5371399
0.5538025
0.2698059
0.97836304
0.47317505
0.12753296
0.7878723
0.42318726
0.9795227
0.6622009
0.9387512
0.016448975
0.68118286
0.032806396
0.34744263
0.6331482
0.20315552
0.114349365
0.63894653
0.14828491
0.17044067
0.78182983
0.43826294
0.43685913
0.20803833
0.9102478
0.37039185
0.37387085
0.9409485
0.37460327
0.060333252
0.83432007
0.99417114
0.04989624
0.13308716
0.6932068
0.9927063
0.8111267
0.21365356
0.825531
0.56155396
0.5332947
0.9270325
0.106292725
0.3257141
0.09140015
0.8982239
0.41049194
0.91018677
0.36044312
0.7522278
0.61312866
0.9399719
0.21542358
0.11404419
0.5892029
0.04006958
0.53134155
0.6086731
0.2137146
0.83547974
0.18319702
0.8611145
0.36166382
0.9512024
0.04598999
0.4963684
0.90805054
0.012237549
0.99472046
0.13943481
0.72787476
0.6435852
0.9043884
0.41531372
0.6961365
0.47024536
0.6499939
0.9490051
0.6878357
0.11721802
0.106536865
0.36550903
0.5779724
0.20950317
0.14901733
0.28982544
0.24154663
0.37210083
0.6524353
0.34695435
0.55355835
0.23001099
0.49179077
0.16189575
0.38900757
0.40823364
0.54208374
0.35964966
0.6228943
0.5317688
0.6783142
0.56521606
0.1302185
0.22561646
0.7754822
0.40359497
0.7859802
0.11477661
0.70858765
0.49978638
0.46517944
0.82424927
0.35263062
0.47879028
0.042816162
0.9790344
0.5826111
0.9656067
0.39389038
0.20413208
0.27352905
0.5852356
0.3934021
0.12454224
0.30038452
0.962677
0.9163513
0.3652649
0.5381775
0.7229309
0.83773804
0.55130005
0.86190796
0.4909973
0.032562256
0.3076477
0.14657593
0.8918762
0.37582397
0.25930786
0.2671814
0.5505676
0.7425232
0.031280518
0.098724365
0.09207153
0.007659912
0.24856567
0.51620483
0.14138794
0.04623413
0.53616333
0.3946228
0.32351685
0.73324585
0.5190735
0.6089783
0.26345825
0.94369507
0.82229614
0.03427124
0.58621216
0.5525818
0.0708313
0.5455017
0.91677856
0.434906
0.88967896
0.017669678
0.8801575
0.46566772
0.9038391
0.32577515
0.10134888
0.51986694
0.73831177
0.34481812
0.20535278
0.47250366
0.018096924
0.9497986
0.8171692
0.19857788
0.36819458
0.015716553
0.5617981
0.5730896
0.41360474
0.41757202
0.0642395
0.47103882
0.7793274
0.03036499
0.9494934
0.76742554
0.09036255
0.72909546
0.8425598
0.33724976
0.9717102
0.38876343
0.36843872
0.055511475
0.04837036
0.8843689
0.15213013
0.7972107
0.945343
0.090911865
0.81863403
0.4373474
0.28762817
0.88339233
0.99295044
0.85092163
0.70022583
0.1368103
0.30007935
0.91293335
0.808136
0.7261658
0.36502075
0.49838257
0.23635864
0.52645874
0.81277466
0.4822693
0.6098938
0.4126892
0.26834106
0.7395935
0.55374146
0.25985718
0.35671997
0.14535522
0.6929016
0.94296265
0.7029114
0.57455444
0.65237427
0.33700562
0.9319153
0.90219116
0.057159424
0.31698608
0.6687317
0.0032653809
0.5322571
0.75790405
0.5383606
0.7527771
0.70266724
0.5347595
0.165802
0.025726318
0.1933899
0.5225525
0.17605591
0.69711304
0.62942505
0.59628296
0.19412231
0.64193726
0.6357727
0.6309509
0.8450012
0.735199
0.83743286
0.5015564
0.7536926
0.8518982
0.8594055
0.083099365
0.54519653
0.8670349
0.32669067
0.25057983
0.84451294
0.65560913
0.86428833
0.8789978
0.27664185
0.09262085
0.09719849
0.8433533
0.46658325
0.05307007
0.65042114
0.01864624
0.03933716
0.4119568
0.1489563
0.2798767
0.61990356
0.044281006
0.21780396
0.5020447
0.8332825
0.8250427
0.4819641
0.56015015
0.30447388
0.62924194
0.56643677
0.32919312
0.6584778
0.33187866
0.096221924
0.6841736
0.5202942
0.8079529
0.6963196
0.50009155
0.5149231
0.9324646
0.99172974
0.651947
0.2673645
0.5804138
0.6074524
0.01473999
0.4026184
0.62680054
0.16848755
0.46347046
0.5456848
0.94662476
0.2998352
0.8731384
0.32156372
0.41488647
0.62649536
0.1187439
0.35525513
0.9065857
0.773468
0.075286865
0.27175903
0.2967224
0.36575317
0.61776733
0.69607544
0.46029663
0.02835083
0.6211853
0.25320435
0.27230835
0.386261
0.9605408
0.56814575
0.60775757
0.06448364
0.51083374
0.26589966
0.3416443
0.6880188
0.14706421
0.97146606
0.3489685
0.88186646
0.7442322
0.30984497
0.5047302
0.2710266
0.17733765
0.9060364
0.68392944
0.48049927
0.32138062
0.38504028
0.76156616
0.13528442
0.051361084
0.3718567
0.6126404
0.8603821
0.24227905
0.4914856
0.1121521
0.28079224
0.7691345
0.368927
0.13510132
0.021514893
0.5069275
0.6291809
0.55648804
0.70755005
0.33065796
0.8972473
0.25131226
0.9638977
0.11532593
0.7981262
0.094573975
0.41555786
0.7359314
0.9568176
0.9612732
0.6875305
0.067474365
0.99832153
0.7264099
0.40481567
0.98495483
0.54763794
0.26498413
0.19241333
0.3633728
0.22976685
0.45199585
0.6753235
0.07772827
0.66970825
0.16244507
0.47854614
0.0030212402
0.49246216
0.2713318
0.2270813
0.014251709
0.32302856
0.653656
0.54592896
0.9864197
0.7864075
0.18441772
0.06008911
0.79452515
0.5075989
0.73861694
0.39456177
0.31356812
0.11160278
0.19125366
0.17434692
0.41854858
0.22341919
0.41732788
0.02444458
0.98446655
0.4680481
0.2918396
0.56985474
0.886322
0.4704895
0.6897888
0.4355774
0.999115
0.8557434
0.48617554
0.24661255
0.19784546
0.24880981
0.55599976
0.6279602
0.35751343
0.27468872
0.7742615
0.20462036
0.3531189
0.5583801
0.015960693
0.601593
0.059661865
0.72488403
0.15609741
0.44387817
0.35214233
0.39920044
0.06967163
0.35647583
0.1055603
0.20632935
0.63168335
0.964386
0.19491577
0.77127075
0.71713257
0.89260864
0.49520874
0.71902466
0.20101929
0.7661438
0.8814392
0.67459106
0.9583435
0.20999146
0.22860718
0.26296997
0.8641052
0.8491516
0.41171265
0.10916138
0.79330444
0.30862427
0.30575562
0.8381653
0.62094116
0.21340942
0.7857361
0.07498169
0.22201538
0.18850708
0.72665405
0.4446106
0.4715271
0.85891724
0.0035095215
0.572052
0.24447632
0.8496399
0.4913025
0.08230591
0.41586304
0.78567505
0.06503296
0.6003723
0.86068726
0.2920227
0.5997009
0.7512512
0.45394897
0.99368286
0.9703064
0.15994263
0.07064819
0.5156555
0.051849365
0.45144653
0.5857849
0.48294067
0.71932983
0.25076294
0.87435913
0.52053833
0.8477478
0.18289185
0.81137085
0.2534485
0.31210327
0.87283325
0.27182007
0.30667114
0.98739624
0.94558716
0.13070679
0.3052063
0.7486267
0.026153564
0.263031
0.87405396
0.47079468
0.7395325
0.5437927
0.6382141
0.028900146
0.7107239
0.84799194
0.22268677
0.29794312
0.5647278
0.050628662
0.25247192
0.15292358
0.9265442
0.02670288
0.35256958
0.46884155
0.4211731
0.6512146
0.14797974
0.12069702
0.6736145
0.7991638
0.2637024
0.98349
0.3088684
0.34555054
0.32473755
0.93222046
0.9519348
0.16537476
0.9560852
0.8418884
0.22781372
0.13363647
0.78274536
0.5874939
0.7615051
0.1253357
0.42971802
0.044036865
0.17800903
0.015472412
0.5220032
0.086517334
0.10232544
0.67904663
0.68460083
0.5899353
0.15945435
0.99105835
0.542511
0.42929077
0.97439575
0.82650757
0.72073364
0.47958374
0.17214966
0.060394287
0.8442688
0.6158142
0.37771606
0.5677185
0.53811646
0.7129822
0.21609497
0.22348022
0.4272766
0.64608765
0.31228638
0.90267944
0.13674927
0.29013062
0.29129028
0.48031616
0.29153442
0.5201111
0.7781067
0.8313904
0.5166321
0.21102905
0.3977356
0.8309021
0.43704224
0.23788452
0.775177
0.35385132
0.6777649
0.4756775
0.5354309
0.27523804
0.86380005
0.79940796
0.3034973
0.47006226
0.6201477
0.08407593
0.7043762
0.813324
0.57180786
0.2046814
0.36306763
0.1800232
0.34378052
0.036224365
0.90457153
0.4451599
0.5610657
0.45370483
0.95388794
0.48373413
0.84866333
0.3321228
0.13601685
0.17074585
0.8315735
0.5464783
0.07595825
0.38119507
0.13479614
0.97177124
0.39871216
0.9900818
0.3833313
0.4830017
0.72927856
0.872406
0.20217896
0.9551697
0.6926575
0.9031677
0.21633911
0.26327515
0.9138489
0.95736694
0.050811768
0.28231812
0.017852783
0.91000366
0.33059692
0.8872986
0.6296692
0.6360779
0.6806946
0.95321655
0.3742981
0.0105896
0.72610474
0.35507202
0.8767395
0.9085388
0.09182739
0.967865
0.7619934
0.20492554
0.40286255
0.66659546
0.6550598
0.77474976
0.2842102
0.32626343
0.18093872
0.49301147
0.36087036
0.8218689
0.9646301
0.2347107
0.25784302
0.028411865
0.63113403
0.8748474
0.6001282
0.82089233
0.80545044
0.28842163
0.01272583
0.0743103
0.112579346
0.35043335
0.12063599
0.6636658
0.17752075
0.93588257
0.54885864
0.46395874
0.62527466
0.9197693
0.9223938
0.3501892
0.080841064
0.1770935
0.86624146
0.19735718
0.16921997
0.5828552
0.0054016113
0.88046265
0.5154114
0.012054443
0.96487427
0.27450562
0.7444153
0.33969116
0.36965942
0.25448608
0.4812317
0.44076538
0.8447571
0.69540405
0.3508606
0.1902771
0.015167236
0.47225952
0.978302
0.46322632
0.5058899
0.4600525
0.9885559
0.13461304
0.94192505
0.53378296
0.0066223145
0.079437256
0.9482727
0.5684509
0.6575012
0.17269897
0.14993286
0.4390564
0.5661926
0.2893982
0.17190552
0.020599365
0.35769653
0.3045349
0.6391907
0.18807983
0.65701294
0.09310913
0.17678833
0.8164978
0.089141846
0.53012085
0.4096985
0.7808533
0.27908325
0.49057007
0.96292114
0.95614624
0.85183716
0.8494568
0.4614563
0.21737671
0.43240356
0.481781
0.53030396
0.43954468
0.6457825
0.26254272
0.7944641
0.49765015
0.11697388
0.06674194
0.87893677
0.26669312
0.47097778
0.76937866
0.40872192
0.6216736
0.3327942
0.24545288
0.00881958
0.43759155
0.3274231
0.3699646
0.30422974
0.589447
0.0798645
0.017913818
0.9199524
0.95224
0.21511841
0.06430054
0.48098755
0.40097046
0.3581848
0.38412476
0.6123352
0.8106384
0.13406372
0.8523865
0.93899536
0.056243896
0.16775513
0.3440857
0.08596802
0.012786865
0.08425903
0.7342224
0.6782532
0.55526733
0.50857544
0.89779663
0.34085083
0.5586853
0.065704346
0.70980835
0.698761
0.8980408
0.38064575
0.04525757
0.37698364
0.44833374
0.07839966
0.7791443
5.187988E-4
0.08456421
0.78396606
0.7864685
0.19436646
0.6817322
0.12234497
0.9422302
0.5835266
0.11483765
0.7185364
0.12142944
0.79299927
0.25888062
0.19754028
0.19906616
0.44778442
0.9888611
0.18435669
0.05014038
0.17288208
0.17977905
0.3039856
0.5496521
0.59329224
0.7066345
0.181427
0.5726013
0.3340149
0.4444275
0.4416809
0.99398804
0.020050049
0.26815796
0.7097473
0.68881226
0.2763977
0.052825928
0.6106262
0.532074
0.72805786
0.6734314
0.7693176
0.3987732
3.0517578E-5
0.0049743652
0.81082153
0.16390991
0.7173157
0.92245483
0.36013794
0.70248413
0.50491333
0.3008728
0.042266846
0.88949585
0.9878235
0.0152282715
0.48220825
0.59994507
0.79104614
0.94052124
0.30496216
0.7088318
0.5395813
0.9517517
0.13552856
0.091156006
0.85842896
0.9239197
0.5989075
0.6219177
0.3725891
0.73202515
0.32009888
0.17611694
0.70706177
0.25106812
0.9241028
0.62875366
0.48684692
0.35604858
0.03591919
0.8548279
0.33694458
0.92196655
0.2805481
0.7293396
0.88235474
0.823822
0.2829895
0.12728882
0.7480774
0.936615
0.6682434
0.92367554
0.55911255
0.13534546
0.061309814
0.99349976
0.9404602
0.29501343
0.08718872
0.21176147
0.51712036
0.2906189
0.37088013
0.4534607
0.914093
0.99716187
0.53738403
0.5935974
0.7563782
0.28964233
0.21170044
0.50717163
0.66897583
0.043060303
0.018829346
0.06918335
0.276886
0.13241577
0.58377075
0.15463257
0.20510864
0.43270874
0.53152466
0.6385193
0.0786438
0.8189392
0.48709106
0.3958435
0.52249146
0.16610718
0.07546997
0.30160522
0.16165161
0.34921265
0.9216614
0.23080444
0.62112427
0.24325562
0.6506653
0.058441162
0.5259094
0.7232361
0.8874817
0.6595154
0.5010071
0.66415405
0.2571106
0.9090271
0.17141724
0.9410095
0.384552
0.6819763
0.1621399
0.4288025
0.8948059
0.85336304
0.09817505
0.002532959
0.4128723
0.29818726
0.6045227
0.5372009
0.5637512
0.891449
0.30618286
0.9078064
0.9724426
0.5081482
0.8281555
0.98934937
0.26394653
0.023284912
0.7954407
0.65682983
0.06326294
0.31185913
0.83303833
0.7852478
0.99539185
0.24887085
0.5659485
0.24960327
0.68533325
0.70932007
0.61917114
0.92489624
0.75808716
0.5682068
0.6177063
0.6861267
0.83865356
0.700531
0.18655396
0.40829468
0.5520325
0.9812927
0.9507141
0.96640015
0.5232239
0.28549194
0.53518677
0.23544312
0.37722778
0.48812866
0.5649719
0.090423584
0.7390442
0.46420288
0.6650696
0.40634155
0.2336731
0.0887146
0.46047974
0.05819702
0.4861145
0.23666382
0.5762024
0.92099
0.12136841
0.78305054
0.63723755
0.86972046
0.7644348
0.60287476
0.2685852
0.7793884
0.04031372
0.5711365
0.09524536
0.5249939
0.5740051
0.5628357
0.742218
0.98153687
0.99050903
0.4529724
0.8345032
0.024017334
0.91482544
0.11654663
0.99710083
0.5274353
0.97195435
0.42855835
0.855011
0.36679077
0.78689575
0.26400757
0.033233643
0.41708374
0.98464966
0.4978943
0.1567688
0.5533142
0.19021606
0.005218506
0.85061646
0.6504822
0.02859497
0.6609802
0.7397766
0.58358765
0.12478638
0.34017944
0.44924927
0.22763062
0.10379028
0.91781616
0.6040344
0.45761108
0.5906067
0.26889038
0.8291321
0.14852905
0.2102356
0.2684021
0.74954224
0.17538452
0.587677
0.7913513
0.9902649
0.4131775
0.3479309
0.71273804
0.17630005
0.73690796
0.115997314
0.90756226
0.9326477
0.021575928
0.5168762
0.25082397
0.88430786
0.1421814
0.17556763
0.6175232
0.6562805
0.97372437
0.71707153
0.8826599
0.8735657
0.39120483
0.76638794
0.92123413
0.16116333
0.2696228
0.94851685
0.60824585
0.14407349
0.48397827
0.88845825
0.81869507
0.44729614
0.90927124
0.21121216
0.4275818
0.6958313
0.4205017
0.54177856
0.309906
0.51467896
0.8926697
0.5051575
0.34066772
0.5288391
0.20077515
0.7263489
0.39486694
0.36331177
0.21981812
0.8303528
0.34750366
0.6430969
0.8247986
0.4421692
0.07357788
0.9931946
0.89071655
0.1867981
0.4480896
0.038604736
0.29257202
0.6892395
0.34603882
0.4043274
0.905365
0.5744934
0.64242554
0.71536255
0.60409546
0.4675598
0.21224976
0.5967102
0.26376343
0.9934387
0.9305115
0.67337036
0.7593689
0.7771301
0.6722107
0.570343
0.96591187
0.44363403
0.3123474
0.9126282
0.75839233
0.61795044
0.72592163
0.32522583
0.011810303
0.92507935
0.78793335
0.433136
0.6011658
0.99002075
0.37338257
0.86135864
0.40145874
0.43777466
0.3572693
0.2348938
0.2876892
0.89334106
0.6145935
0.17874146
0.13485718
0.98172
0.020355225
0.3179016
0.81796265
0.32791138
0.44955444
0.27737427
0.21200562
0.5569153
0.77719116
0.6821594
0.19198608
0.2937317
0.8782654
0.15725708
0.63290405
0.1633606
0.6277771
0.32766724
0.40975952
0.790802
0.9007263
0.8183899
0.3975525
0.8010559
0.57211304
0.25442505
0.47128296
0.8191223
0.51693726
0.2607727
0.5059509
0.47000122
0.610199
0.46243286
0.3765564
0.37869263
0.7268982
0.48440552
0.95809937
0.17019653
0.7420349
0.9516907
0.12557983
0.46951294
0.53060913
0.48928833
0.7539978
0.90164185
0.96762085
0.7221985
0.7183533
0.09158325
0.92807007
0.27542114
0.89364624
0.66433716
0.2869568
0.7739563
0.15487671
0.24490356
0.919281
0.84280396
0.37704468
0.45828247
0.7000427
0.10696411
0.43515015
0.9294739
0.50424194
0.19143677
0.20419312
0.28347778
0.20687866
0.7212219
0.5591736
0.14529419
0.6829529
0.32131958
0.37509155
0.1399231
0.8074646
0.61672974
0.526947
0.8923645
0.45541382
0.2324524
0.88974
0.027618408
0.50180054
0.79348755
0.33847046
0.17068481
0.82162476
0.9248352
0.7481384
0.9465637
0.28988647
0.25149536
0.9937439
0.9802551
0.7815857
0.39846802
0.95028687
0.89675903
0.17172241
0.9907532
0.49276733
0.32107544
0.33529663
0.65335083
0.4961853
0.87820435
0.14730835
0.011260986
0.8355408
0.19314575
0.48275757
0.68948364
0.38583374
0.89089966
0.21664429
0.3130188
0.022064209
0.59646606
0.2239685
0.50686646
0.6192322
0.934845
0.37973022
0.8960266
0.052337646
0.5310364
0.55892944
0.10549927
0.19638062
0.010040283
0.63656616
0.7602844
0.9263611
0.9968567
0.48764038
0.48538208
0.11727905
0.116485596
0.9871521
0.90579224
0.6441345
0.993927
0.010101318
0.6465149
0.3819275
0.2541809
0.43148804
0.33255005
0.20565796
0.5222473
0.12631226
0.5888977
0.9903259
0.42312622
0.969574
0.04055786
0.6109314
0.5818176
0.8362732
0.31253052
0.94247437
0.62332153
0.6014099
0.029815674
0.85995483
0.17263794
0.13998413
0.81741333
0.2383728
0.85476685
0.32699585
0.3003235
0.9527283
0.29470825
0.03744507
0.10354614
0.87802124
0.11746216
0.14633179
0.8520813
0.8892517
0.94802856
0.528656
0.17092896
0.8614197
0.41140747
0.059417725
0.6850891
0.66952515
0.13259888
0.61361694
0.019561768
0.18856812
0.7366028
0.06625366
0.7993469
0.29354858
0.8484192
0.29232788
0.6494446
0.85946655
0.093048096
0.1668396
0.19485474
0.761322
0.0954895
0.5647888
0.060577393
0.874115
0.4807434
0.36117554
0.87161255
0.07284546
0.8738098
0.43099976
0.2529602
0.23251343
0.8996887
0.6492615
0.82962036
0.2281189
0.18338013
0.8909607
0.22659302
0.93466187
0.34988403
0.031097412
0.068878174
0.22714233
0.02420044
0.94467163
0.98147583
0.9805603
0.83132935
0.50668335
0.589386
0.06991577
0.39627075
0.59213257
0.51760864
0.37020874
0.34402466
0.07601929
0.3911438
0.7564392
0.29959106
0.8333435
0.83499146
0.10360718
0.88797
0.7391052
0.4741516
0.28671265
0.7341614
0.66830444
0.93362427
0.18075562
0.46316528
0.49594116
0.8384094
0.6607361
0.6999817
0.09701538
0.8135071
0.60165405
0.069610596
0.3465271
0.48391724
0.8785095
0.197052
0.11947632
0.4746399
0.3663025
0.7073059
0.29086304
0.41067505
0.94003296
0.22537231
0.73568726
0.9170227
0.47470093
0.37625122
0.32894897
0.61868286
0.8453064
0.7849426
0.9456482
0.14065552
0.92684937
0.07644653
0.4607849
0.107940674
0.59432983
0.87576294
0.74935913
0.14553833
0.7227478
0.80789185
0.68637085
0.8784485
0.18710327
0.49783325
0.14682007
0.93167114
0.86239624
0.57058716
0.005706787
0.9302063
0.6236267
0.65115356
0.138031
0.49905396
0.34579468
0.36453247
0.41879272
0.2632141
0.90390015
0.33572388
0.72299194
0.84768677
0.17294312
0.18972778
0.92562866
0.8774719
0.027923584
0.5515442
0.9017029
0.9775696
0.34384155
0.046173096
0.5262146
0.77297974
0.995697
0.2986145
0.6741638
0.8887024
0.85849
0.9338684
0.22055054
0.94973755
0.80722046
0.5769348
0.040374756
0.5810852
0.7168884
0.8528137
0.008636475
0.40774536
0.4624939
0.38650513
3.3569336E-4
0.054718018
0.91903687
0.80300903
0.8904724
0.14700317
0.96151733
0.72732544
0.55404663
0.30960083
0.4649353
0.78445435
0.86605835
0.16751099
0.30429077
0.59939575
0.70150757
0.34573364
0.35458374
0.79714966
0.9353943
0.4692688
0.4908142
0.0027160645
0.4427185
0.16311646
0.5879822
0.841095
0.098480225
0.05227661
0.52108765
0.9372864
0.77767944
0.76174927
0.16513062
0.9162903
0.35531616
0.9165344
0.39511108
0.4031067
0.7063904
0.14163208
0.08602905
0.022735596
0.7059021
0.062042236
0.11288452
0.400177
0.22885132
0.3027649
0.3506775
0.16043091
0.15023804
0.48880005
0.67440796
0.9284973
0.34506226
0.2451477
0.9590759
0.32937622
0.688324
0.19680786
0.0796814
0.9880676
0.055023193
0.9687805
0.91122437
0.52957153
0.3201599
0.18606567
0.32870483
0.57888794
0.35873413
0.47366333
0.2071228
0.76101685
0.04574585
0.4565735
0.42147827
0.70095825
0.25619507
0.75979614
0.84677124
0.023712158
0.8650818
0.008331299
0.3580017
0.35427856
0.747406
0.82717896
0.8301697
0.31765747
0.7781677
0.8413391
0.13827515
0.5388489
0.83236694
0.67581177
0.15731812
0.6428528
0.78500366
0.9555969
0.7622986
0.2546692
0.5110779
0.30569458
0.82821655
0.9992981
0.8855896
0.35110474
0.23007202
0.5017395
0.7835388
0.7168274
0.842865
0.3869934
0.07992554
0.027862549
0.54159546
0.2800598
0.64974976
0.9092102
0.20126343
0.8059387
0.36801147
0.98587036
0.6968689
0.5896301
0.10971069
0.882843
0.90341187
0.25613403
0.7498474
0.22512817
0.69589233
0.43045044
0.16342163
0.63772583
0.9493103
0.73757935
0.22543335
0.745636
0.5386658
0.80252075
0.81088257
0.17385864
0.33895874
0.25027466
0.7947693
0.5473938
0.22518921
0.70584106
0.052093506
0.49124146
0.07235718
0.79422
0.45785522
0.6304016
0.75546265
0.14041138
0.88705444
0.58987427
0.14950562
0.36941528
0.21469116
0.9946594
0.12948608
0.10623169
0.31576538
0.46975708
0.57040405
0.9758606
0.0652771
0.64016724
0.34725952
0.603302
0.33822632
0.1308899
0.3350525
0.6135559
0.009613037
0.56692505
0.40878296
0.6316223
0.95443726
0.5732727
0.44345093
0.28250122
0.047698975
0.77493286
0.3140564
0.19119263
0.1643982
0.7969055
0.89559937
0.98269653
0.17953491
0.26419067
0.063079834
0.28201294
0.96810913
0.80178833
0.6914978
0.71414185
0.40512085
0.034698486
0.6558533
0.90408325
0.36557007
0.58792114
0.83114624
0.47683716
0.7244568
0.0864563
0.09237671
0.057403564
0.356781
0.15530396
0.31454468
0.27078247
0.13754272
0.4194641
0.37265015
0.7419739
0.94174194
0.50393677
0.14169312
0.09597778
0.64437866
0.033721924
0.49667358
0.9577942
0.12045288
0.6338196
0.31259155
0.9524231
0.2449646
0.92922974
0.46444702
0.7048645
0.8929138
0.5449524
0.82724
0.8401184
0.93930054
0.10598755
0.27597046
0.9831848
0.25912476
0.2373352
0.6856384
0.7590637
0.7273865
0.56399536
0.9312439
0.7927551
0.2190857
0.710968
0.88778687
0.70925903
0.6092224
0.30325317
0.43026733
0.13357544
0.77279663
0.96585083
0.4336853
0.69070435
0.58480835
0.323761
0.7730408
0.005645752
0.92025757
0.0019836426
0.32333374
0.70339966
0.6541443
0.6255188
0.9595642
0.40896606
0.6614685
0.81936646
0.5567322
0.747345
0.8172302
0.20852661
0.98983765
0.34353638
0.99642944
0.41799927
0.13388062
0.8225403
0.07406616
0.072784424
0.8638611
0.8093567
0.9251404
0.7978821
0.054779053
0.9289856
0.4246521
0.21829224
0.5816345
0.806427
0.44760132
0.9590149
0.3194275
0.06668091
0.86898804
0.64505005
0.14315796
0.3347473
0.56381226
0.9013977
0.9278259
0.23562622
0.40707397
0.35305786
0.5484314
0.39431763
0.2737732
0.6250305
0.87997437
0.43582153
0.038909912
0.34231567
0.79745483
0.98513794
0.57748413
0.12991333
0.1758728
0.66726685
0.76449585
0.6128235
0.8902283
0.10720825
0.47494507
0.41604614
0.81552124
0.92996216
0.5838318
0.1645813
0.8267517
0.76052856
0.966156
0.48342896
0.7989197
0.22390747
0.49691772
0.9975891
0.60702515
0.9450989
0.051116943
0.33206177
0.12606812
0.5491028
0.50375366
0.111846924
0.23104858
0.6609192
0.7298279
0.9619446
0.79696655
0.9055481
0.6043396
0.50735474
0.698822
0.9079895
0.0022888184
0.3730774
0.811615
0.2932434
0.79867554
0.18411255
0.010345459
0.6863098
0.86849976
0.5654602
0.17001343
0.7121887
0.086761475
0.14212036
0.1656189
0.9958801
0.3284607
0.539093
0.87216187
0.16238403
0.4685974
0.38137817
0.16464233
0.83670044
0.38217163
0.29397583
0.9180603
0.64382935
0.94418335
0.901886
0.0074157715
0.20877075
0.029632568
0.83010864
0.30770874
0.15652466
0.5135193
0.7036438
0.6939392
0.112091064
0.2708435
0.14749146
0.041107178
0.70047
0.17660522
0.7866516
0.22421265
0.5466614
0.10580444
0.24612427
0.118255615
0.27566528
0.93344116
0.15090942
0.5982361
0.5124817
0.5345154
0.12600708
0.53915405
0.8821106
0.7840271
0.79641724
0.8160095
0.009552002
0.5569763
0.7871399
0.3038025
0.5198059
0.72836304
0.72317505
0.87753296
0.037872314
0.17318726
0.2295227
0.41220093
0.18875122
0.766449
0.93118286
0.7828064
0.5974426
0.3831482
0.45315552
0.86434937
0.88894653
0.8982849
0.42044067
0.53182983
0.68826294
0.18685913
0.45803833
0.6602478
0.62039185
0.12387085
0.19094849
0.12460327
0.31033325
0.58432007
0.24417114
0.79989624
0.38308716
0.4432068
0.2427063
0.5611267
0.46365356
0.575531
0.81155396
0.28329468
0.17703247
0.8562927
0.5757141
0.84140015
0.14822388
0.16049194
0.16018677
0.110443115
0.0022277832
0.36312866
0.18997192
0.9654236
0.3640442
0.33920288
0.29006958
0.28134155
0.8586731
0.9637146
0.08547974
0.933197
0.1111145
0.11166382
0.2012024
0.79599
0.7463684
0.65805054
0.26223755
0.74472046
0.3894348
0.47787476
0.8935852
0.6543884
0.6653137
0.44613647
0.72024536
0.3999939
0.19900513
0.4378357
0.36721802
0.85653687
0.61550903
0.3279724
0.45950317
0.89901733
0.53982544
0.99154663
0.62210083
0.4024353
0.59695435
0.30355835
0.480011
0.24179077
0.41189575
0.13900757
0.65823364
0.29208374
0.60964966
0.3728943
0.7817688
0.4283142
0.81521606
0.8802185
0.47561646
0.5254822
0.653595
0.5359802
0.3647766
0.45858765
0.7497864
0.21517944
0.07424927
0.102630615
0.7287903
0.79281616
0.22903442
0.33261108
0.21560669
0.14389038
0.45413208
0.023529053
0.8352356
0.1434021
0.37454224
0.05038452
0.212677
0.6663513
0.6152649
0.2881775
0.9729309
0.58773804
0.80130005
0.61190796
0.7409973
0.78256226
0.5576477
0.8965759
0.14187622
0.12582397
0.50930786
0.017181396
0.8005676
0.4925232
0.28128052
0.84872437
0.34207153
0.7576599
0.49856567
0.26620483
0.39138794
0.79623413
0.78616333
0.1446228
0.57351685
0.48324585
0.7690735
0.35897827
0.51345825
0.69369507
0.07229614
0.78427124
0.83621216
0.3025818
0.3208313
0.2955017
0.16677856
0.184906
0.13967896
0.7676697
0.13015747
0.21566772
0.15383911
0.07577515
0.35134888
0.26986694
0.98831177
0.094818115
0.45535278
0.22250366
0.26809692
0.6997986
0.06716919
0.9485779
0.6181946
0.76571655
0.8117981
0.3230896
0.66360474
0.16757202
0.3142395
0.22103882
0.029327393
0.780365
0.19949341
0.51742554
0.34036255
0.47909546
0.092559814
0.087249756
0.2217102
0.13876343
0.6184387
0.8055115
0.29837036
0.6343689
0.40213013
0.5472107
0.19534302
0.84091187
0.06863403
0.18734741
0.5376282
0.63339233
0.24295044
0.60092163
0.95022583
0.8868103
0.55007935
0.66293335
0.058135986
0.47616577
0.61502075
0.24838257
0.48635864
0.27645874
0.06277466
0.23226929
0.8598938
0.16268921
0.51834106
0.4895935
0.80374146
0.009857178
0.60672
0.8953552
0.9429016
0.69296265
0.9529114
0.32455444
0.90237427
0.087005615
0.18191528
0.65219116
0.30715942
0.066986084
0.9187317
0.7532654
0.7822571
0.50790405
0.7883606
0.5027771
0.95266724
0.28475952
0.415802
0.7757263
0.4433899
0.2725525
0.4260559
0.44711304
0.87942505
0.34628296
0.4441223
0.39193726
0.8857727
0.38095093
0.09500122
0.48519897
0.08743286
0.2515564
0.003692627
0.6018982
0.10940552
0.83309937
0.79519653
0.6170349
0.5766907
5.79834E-4
0.09451294
0.40560913
0.11428833
0.6289978
0.52664185
0.84262085
0.3471985
0.5933533
0.71658325
0.80307007
0.90042114
0.76864624
0.28933716
0.16195679
0.3989563
0.029876709
0.86990356
0.794281
0.46780396
0.25204468
0.08328247
0.5750427
0.7319641
0.31015015
0.5544739
0.37924194
0.81643677
0.079193115
0.9084778
0.08187866
0.34622192
0.43417358
0.7702942
0.5579529
0.9463196
0.25009155
0.7649231
0.6824646
0.24172974
0.40194702
0.5173645
0.33041382
0.8574524
0.76474
0.6526184
0.37680054
0.41848755
0.21347046
0.7956848
0.69662476
0.5498352
0.6231384
0.5715637
0.16488647
0.87649536
0.8687439
0.6052551
0.6565857
0.023468018
0.82528687
0.52175903
0.046722412
0.6157532
0.36776733
0.94607544
0.21029663
0.27835083
0.3711853
0.50320435
0.02230835
0.636261
0.7105408
0.81814575
0.35775757
0.31448364
0.26083374
0.51589966
0.09164429
0.9380188
0.8970642
0.22146606
0.098968506
0.13186646
0.49423218
0.559845
0.25473022
0.5210266
0.92733765
0.15603638
0.43392944
0.73049927
0.071380615
0.6350403
0.51156616
0.38528442
0.8013611
0.6218567
0.36264038
0.11038208
0.99227905
0.7414856
0.8621521
0.53079224
0.5191345
0.618927
0.8851013
0.2715149
0.2569275
0.8791809
0.30648804
0.95755005
0.08065796
0.14724731
0.0013122559
0.2138977
0.8653259
0.04812622
0.844574
0.66555786
0.4859314
0.20681763
0.7112732
0.9375305
0.81747437
0.24832153
0.4764099
0.6548157
0.73495483
0.79763794
0.014984131
0.44241333
0.1133728
0.47976685
0.20199585
0.9253235
0.8277283
0.91970825
0.91244507
0.72854614
0.75302124
0.74246216
0.021331787
0.4770813
0.7642517
0.57302856
0.403656
0.79592896
0.7364197
0.03640747
0.9344177
0.3100891
0.54452515
0.7575989
0.48861694
0.64456177
0.063568115
0.36160278
0.94125366
0.42434692
0.16854858
0.4734192
0.16732788
0.27444458
0.73446655
0.7180481
0.0418396
0.81985474
0.636322
0.7204895
0.43978882
0.6855774
0.749115
0.10574341
0.23617554
0.49661255
0.94784546
0.4988098
0.30599976
0.8779602
0.10751343
0.5246887
0.5242615
0.45462036
0.1031189
0.8083801
0.7659607
0.851593
0.80966187
0.97488403
0.9060974
0.6938782
0.102142334
0.64920044
0.81967163
0.60647583
0.8555603
0.45632935
0.38168335
0.21438599
0.9449158
0.021270752
0.46713257
0.14260864
0.24520874
0.96902466
0.9510193
0.016143799
0.6314392
0.92459106
0.7083435
0.45999146
0.9786072
0.51297
0.6141052
0.09915161
0.16171265
0.35916138
0.54330444
0.55862427
0.055755615
0.08816528
0.37094116
0.46340942
0.5357361
0.3249817
0.9720154
0.43850708
0.47665405
0.6946106
0.2215271
0.10891724
0.7535095
0.822052
0.9944763
0.09963989
0.24130249
0.3323059
0.16586304
0.03567505
0.81503296
0.8503723
0.61068726
0.5420227
0.34970093
0.0012512207
0.20394897
0.24368286
0.7203064
0.40994263
0.8206482
0.7656555
0.80184937
0.70144653
0.3357849
0.7329407
0.46932983
0.50076294
0.62435913
0.77053833
0.5977478
0.43289185
0.56137085
0.5034485
0.06210327
0.12283325
0.021820068
0.55667114
0.73739624
0.19558716
0.8807068
0.5552063
0.4986267
0.27615356
0.013031006
0.124053955
0.22079468
0.9895325
0.29379272
0.8882141
0.77890015
0.9607239
0.59799194
0.47268677
0.047943115
0.8147278
0.80062866
0.5024719
0.9029236
0.17654419
0.7767029
0.6025696
0.21884155
0.6711731
0.4012146
0.39797974
0.870697
0.9236145
0.5491638
0.5137024
0.73349
0.5588684
0.09555054
0.57473755
0.68222046
0.20193481
0.91537476
0.2060852
0.5918884
0.47781372
0.8836365
0.03274536
0.3374939
0.011505127
0.8753357
0.679718
0.79403687
0.42800903
0.7654724
0.7720032
0.83651733
0.35232544
0.42904663
0.93460083
0.3399353
0.40945435
0.74105835
0.792511
0.17929077
0.22439575
0.57650757
0.97073364
0.22958374
0.42214966
0.8103943
0.0942688
0.3658142
0.62771606
0.3177185
0.78811646
0.46298218
0.46609497
0.9734802
0.6772766
0.39608765
0.5622864
0.65267944
0.38674927
0.040130615
0.5412903
0.23031616
0.5415344
0.27011108
0.02810669
0.5813904
0.7666321
0.96102905
0.6477356
0.5809021
0.68704224
0.9878845
0.025177002
0.10385132
0.9277649
0.22567749
0.7854309
0.025238037
0.11380005
0.54940796
0.5534973
0.22006226
0.8701477
0.8340759
0.9543762
0.563324
0.82180786
0.9546814
0.6130676
0.9300232
0.5937805
0.78622437
0.15457153
0.19515991
0.8110657
0.20370483
0.20388794
0.23373413
0.09866333
0.0821228
0.38601685
0.92074585
0.08157349
0.29647827
0.32595825
0.13119507
0.38479614
0.72177124
0.64871216
0.7400818
0.6333313
0.23300171
0.97927856
0.622406
0.45217896
0.7051697
0.9426575
0.6531677
0.4663391
0.0132751465
0.16384888
0.70736694
0.30081177
0.032318115
0.26785278
0.66000366
0.5805969
0.6372986
0.8796692
0.38607788
0.9306946
0.70321655
0.6242981
0.7605896
0.97610474
0.10507202
0.1267395
0.6585388
0.3418274
0.717865
0.011993408
0.95492554
0.65286255
0.41659546
0.9050598
0.52474976
0.5342102
0.07626343
0.43093872
0.24301147
0.61087036
0.5718689
0.21463013
0.9847107
0.507843
0.77841187
0.88113403
0.6248474
0.8501282
0.57089233
0.05545044
0.03842163
0.26272583
0.8243103
0.36257935
0.10043335
0.370636
0.41366577
0.42752075
0.68588257
0.79885864
0.21395874
0.87527466
0.6697693
0.1723938
0.10018921
0.33084106
0.9270935
0.116241455
0.9473572
0.41921997
0.33285522
0.2554016
0.63046265
0.7654114
0.76205444
0.21487427
0.024505615
0.9944153
0.08969116
0.6196594
0.004486084
0.7312317
0.19076538
0.09475708
0.44540405
0.6008606
0.9402771
0.26516724
0.22225952
0.228302
0.21322632
0.7558899
0.21005249
0.23855591
0.88461304
0.19192505
0.28378296
0.2566223
0.82943726
0.1982727
0.31845093
0.9075012
0.922699
0.39993286
0.1890564
0.8161926
0.039398193
0.42190552
0.77059937
0.60769653
0.054534912
0.8891907
0.93807983
0.90701294
0.84310913
0.42678833
0.5664978
0.33914185
0.28012085
0.6596985
0.5308533
0.52908325
0.24057007
0.21292114
0.70614624
0.10183716
0.5994568
0.7114563
0.9673767
0.68240356
0.231781
0.78030396
0.18954468
0.8957825
0.012542725
0.04446411
0.24765015
0.36697388
0.81674194
0.12893677
0.016693115
0.7209778
0.51937866
0.6587219
0.37167358
0.5827942
0.9954529
0.25881958
0.18759155
0.5774231
0.1199646
0.55422974
0.33944702
0.3298645
0.7679138
0.1699524
0.70224
0.4651184
0.81430054
0.73098755
0.15097046
0.6081848
0.13412476
0.8623352
0.5606384
0.38406372
0.6023865
0.18899536
0.8062439
0.41775513
0.09408569
0.33596802
0.76278687
0.33425903
0.4842224
0.9282532
0.30526733
0.75857544
0.64779663
0.59085083
0.3086853
0.31570435
0.45980835
0.948761
0.6480408
0.63064575
0.79525757
0.62698364
0.19833374
0.32839966
0.5291443
0.2505188
0.8345642
0.033966064
0.5364685
0.44436646
0.43173218
0.37234497
0.6922302
0.8335266
0.86483765
0.9685364
0.87142944
0.042999268
0.008880615
0.44754028
0.94906616
0.6977844
0.7388611
0.4343567
0.8001404
0.42288208
0.92977905
0.5539856
0.2996521
0.84329224
0.45663452
0.431427
0.32260132
0.5840149
0.19442749
0.6916809
0.74398804
0.27005005
0.018157959
0.9597473
0.43881226
0.5263977
0.8028259
0.8606262
0.28207397
0.97805786
0.4234314
0.019317627
0.1487732
0.25003052
0.75497437
0.060821533
0.9139099
0.9673157
0.67245483
0.61013794
0.45248413
0.75491333
0.050872803
0.29226685
0.63949585
0.23782349
0.7652283
0.73220825
0.34994507
0.041046143
0.69052124
0.55496216
0.4588318
0.7895813
0.7017517
0.38552856
0.841156
0.108428955
0.6739197
0.8489075
0.37191772
0.6225891
0.48202515
0.5700989
0.92611694
0.95706177
0.0010681152
0.17410278
0.37875366
0.7368469
0.106048584
0.2859192
0.6048279
0.5869446
0.67196655
0.5305481
0.4793396
0.13235474
0.573822
0.5329895
0.8772888
0.9980774
0.686615
0.9182434
0.67367554
0.80911255
0.88534546
0.3113098
0.74349976
0.1904602
0.045013428
0.33718872
0.9617615
0.76712036
0.040618896
0.6208801
0.2034607
0.16409302
0.74716187
0.78738403
0.3435974
0.006378174
0.039642334
0.46170044
0.25717163
0.91897583
0.7930603
0.26882935
0.81918335
0.526886
0.8824158
0.83377075
0.90463257
0.45510864
0.18270874
0.78152466
0.3885193
0.3286438
0.5689392
0.73709106
0.1458435
0.77249146
0.9161072
0.32546997
0.051605225
0.4116516
0.09921265
0.17166138
0.98080444
0.87112427
0.9932556
0.9006653
0.80844116
0.7759094
0.47323608
0.13748169
0.40951538
0.7510071
0.41415405
0.5071106
0.6590271
0.42141724
0.6910095
0.634552
0.43197632
0.4121399
0.17880249
0.14480591
0.60336304
0.34817505
0.75253296
0.6628723
0.048187256
0.8545227
0.28720093
0.8137512
0.641449
0.55618286
0.6578064
0.22244263
0.2581482
0.07815552
0.73934937
0.51394653
0.7732849
0.045440674
0.40682983
0.31326294
0.06185913
0.08303833
0.5352478
0.24539185
0.99887085
0.8159485
0.9996033
0.93533325
0.45932007
0.86917114
0.67489624
0.008087158
0.3182068
0.8677063
0.4361267
0.088653564
0.450531
0.43655396
0.15829468
0.8020325
0.7312927
0.20071411
0.71640015
0.7732239
0.035491943
0.78518677
0.9854431
0.6272278
0.23812866
0.8149719
0.8404236
0.9890442
0.21420288
0.9150696
0.15634155
0.4836731
0.8387146
0.71047974
0.808197
0.7361145
0.9866638
0.8262024
0.67099
0.3713684
0.53305054
0.88723755
0.61972046
0.014434814
0.35287476
0.5185852
0.5293884
0.29031372
0.32113647
0.34524536
0.2749939
0.8240051
0.3128357
0.992218
0.73153687
0.24050903
0.20297241
0.084503174
0.77401733
0.16482544
0.86654663
0.24710083
0.2774353
0.22195435
0.17855835
0.10501099
0.11679077
0.036895752
0.014007568
0.28323364
0.16708374
0.23464966
0.24789429
0.4067688
0.3033142
0.44021606
0.7552185
0.100616455
0.40048218
0.27859497
0.41098022
0.9897766
0.33358765
0.37478638
0.09017944
0.69924927
0.9776306
0.35379028
0.66781616
0.8540344
0.20761108
0.8406067
0.01889038
0.07913208
0.89852905
0.4602356
0.0184021
0.99954224
0.9253845
0.837677
0.5413513
0.2402649
0.16317749
0.5979309
0.46273804
0.42630005
0.48690796
0.3659973
0.65756226
0.1826477
0.7715759
0.7668762
8.239746E-4
0.13430786
0.8921814
0.42556763
0.3675232
0.9062805
0.72372437
0.96707153
0.6326599
0.123565674
0.14120483
0.01638794
0.67123413
0.41116333
0.019622803
0.19851685
0.35824585
0.3940735
0.23397827
0.13845825
0.56869507
0.69729614
0.65927124
0.46121216
0.17758179
0.9458313
0.17050171
0.79177856
0.059906006
0.76467896
0.6426697
0.7551575
0.090667725
0.7788391
0.95077515
0.9763489
0.14486694
0.61331177
0.9698181
0.08035278
0.09750366
0.8930969
0.5747986
0.6921692
0.8235779
0.24319458
0.64071655
0.4367981
0.1980896
0.28860474
0.04257202
0.9392395
0.09603882
0.6543274
0.655365
0.8244934
0.39242554
0.96536255
0.35409546
0.7175598
0.96224976
0.8467102
0.013763428
0.24343872
0.6805115
0.92337036
0.5093689
0.027130127
0.4222107
0.820343
0.71591187
0.69363403
0.062347412
0.16262817
0.50839233
0.86795044
0.47592163
0.57522583
0.7618103
0.17507935
0.53793335
0.683136
0.35116577
0.24002075
0.12338257
0.11135864
0.15145874
0.68777466
0.10726929
0.4848938
0.03768921
0.14334106
0.3645935
0.42874146
0.8848572
0.23171997
0.7703552
0.5679016
0.56796265
0.5779114
0.19955444
0.52737427
0.9620056
0.8069153
0.52719116
0.9321594
0.9419861
0.5437317
0.6282654
0.40725708
0.38290405
0.4133606
0.3777771
0.57766724
0.15975952
0.040802002
0.6507263
0.06838989
0.14755249
0.05105591
0.32211304
0.50442505
0.22128296
0.069122314
0.26693726
0.5107727
0.25595093
0.7200012
0.36019897
0.71243286
0.1265564
0.6286926
0.4768982
0.7344055
0.70809937
0.42019653
0.4920349
0.20169067
0.87557983
0.71951294
0.28060913
0.73928833
0.5039978
0.15164185
0.71762085
0.9721985
0.46835327
0.34158325
0.67807007
0.52542114
0.64364624
0.91433716
0.036956787
0.023956299
0.9048767
0.49490356
0.669281
0.092803955
0.12704468
0.7082825
0.45004272
0.3569641
0.18515015
0.17947388
0.25424194
0.44143677
0.9541931
0.5334778
0.95687866
0.9712219
0.30917358
0.3952942
0.43295288
0.5713196
0.12509155
0.3899231
0.5574646
0.86672974
0.27694702
0.1423645
0.20541382
0.4824524
0.63974
0.2776184
0.25180054
0.04348755
0.08847046
0.4206848
0.57162476
0.1748352
0.49813843
0.19656372
0.039886475
0.50149536
0.7437439
0.23025513
0.5315857
0.648468
0.70028687
0.14675903
0.9217224
0.24075317
0.24276733
0.57107544
0.08529663
0.90335083
0.2461853
0.12820435
0.89730835
0.261261
0.5855408
0.44314575
0.23275757
0.93948364
0.13583374
0.14089966
0.9666443
0.5630188
0.7720642
0.84646606
0.9739685
0.75686646
0.36923218
0.18484497
0.12973022
0.14602661
0.80233765
0.7810364
0.30892944
0.35549927
0.9463806
0.26004028
0.38656616
0.010284424
0.6763611
0.24685669
0.23764038
0.7353821
0.86727905
0.3664856
0.7371521
0.15579224
0.39413452
0.243927
0.7601013
0.8965149
0.13192749
0.5041809
0.18148804
0.58255005
0.95565796
0.7722473
0.87631226
0.8388977
0.7403259
0.6731262
0.719574
0.29055786
0.3609314
0.8318176
0.5862732
0.5625305
0.69247437
0.87332153
0.3514099
0.27981567
0.60995483
0.42263794
0.88998413
0.06741333
0.9883728
0.104766846
0.07699585
0.5503235
0.7027283
0.54470825
0.78744507
0.35354614
0.62802124
0.36746216
0.8963318
0.1020813
0.6392517
0.19802856
0.278656
0.42092896
0.6114197
0.6614075
0.8094177
0.9350891
0.41952515
0.38259888
0.36361694
0.26956177
0.9385681
0.9866028
0.81625366
0.049346924
0.043548584
0.09841919
0.04232788
0.8994446
0.60946655
0.3430481
0.9168396
0.44485474
0.511322
0.3454895
0.31478882
0.3105774
0.624115
0.7307434
0.11117554
0.12161255
0.82284546
0.123809814
0.18099976
0.5029602
0.9825134
0.14968872
0.39926147
0.07962036
0.9781189
0.43338013
0.6409607
0.47659302
0.68466187
0.59988403
0.7810974
0.31887817
0.97714233
0.27420044
0.69467163
0.23147583
0.7305603
0.081329346
0.25668335
0.839386
0.8199158
0.64627075
0.34213257
0.76760864
0.12020874
0.59402466
0.8260193
0.6411438
0.5064392
0.54959106
0.5833435
0.084991455
0.8536072
0.13796997
0.48910522
0.7241516
0.036712646
0.9841614
0.41830444
0.18362427
0.9307556
0.7131653
0.24594116
0.088409424
0.41073608
0.9499817
0.8470154
0.06350708
0.35165405
0.3196106
0.0965271
0.73391724
0.6285095
0.447052
0.8694763
0.7246399
0.11630249
0.9573059
0.040863037
0.66067505
0.69003296
0.4753723
0.48568726
0.1670227
0.22470093
0.6262512
0.078948975
0.86868286
0.5953064
0.034942627
0.6956482
0.39065552
0.67684937
0.32644653
0.21078491
0.35794067
0.34432983
0.12576294
0.49935913
0.39553833
0.4727478
0.057891846
0.43637085
0.12844849
0.9371033
0.74783325
0.89682007
0.18167114
0.61239624
0.82058716
0.7557068
0.1802063
0.3736267
0.90115356
0.888031
0.74905396
0.09579468
0.6145325
0.16879272
0.5132141
0.65390015
0.5857239
0.47299194
0.09768677
0.9229431
0.43972778
0.67562866
0.12747192
0.7779236
0.8015442
0.6517029
0.22756958
0.09384155
0.2961731
0.2762146
0.022979736
0.745697
0.5486145
0.42416382
0.1387024
0.60849
0.18386841
0.97055054
0.19973755
0.55722046
0.8269348
0.79037476
0.8310852
0.46688843
0.10281372
0.7586365
0.65774536
0.2124939
0.6365051
0.7503357
0.30471802
0.66903687
0.053009033
0.6404724
0.39700317
0.71151733
0.97732544
0.30404663
0.55960083
0.2149353
0.034454346
0.61605835
0.417511
0.05429077
0.84939575
0.45150757
0.59573364
0.10458374
0.04714966
0.6853943
0.7192688
0.24081421
0.25271606
0.1927185
0.41311646
0.33798218
0.09109497
0.8484802
0.3022766
0.27108765
0.18728638
0.52767944
0.011749268
0.9151306
0.16629028
0.10531616
0.16653442
0.14511108
0.6531067
0.45639038
0.39163208
0.83602905
0.2727356
0.4559021
0.31204224
0.8628845
0.650177
0.9788513
0.5527649
0.10067749
0.4104309
0.90023804
0.73880005
0.42440796
0.17849731
0.095062256
0.4951477
0.7090759
0.5793762
0.43832397
0.44680786
0.8296814
0.23806763
0.8050232
0.21878052
0.66122437
0.77957153
0.07015991
0.43606567
0.078704834
0.82888794
0.10873413
0.72366333
0.9571228
0.011016846
0.79574585
0.7065735
0.17147827
0.95095825
0.0061950684
0.009796143
0.59677124
0.27371216
0.6150818
0.2583313
0.10800171
0.60427856
0.497406
0.077178955
0.5801697
0.5676575
0.5281677
0.09133911
0.88827515
0.7888489
0.58236694
0.92581177
0.9073181
0.8928528
0.53500366
0.20559692
0.5122986
0.5046692
0.26107788
0.5556946
0.57821655
0.2492981
0.6355896
0.60110474
0.980072
0.7517395
0.5335388
0.9668274
0.592865
0.6369934
0.82992554
0.27786255
0.29159546
0.5300598
0.39974976
0.1592102
0.9512634
0.05593872
0.118011475
0.23587036
0.4468689
0.8396301
0.8597107
0.13284302
0.65341187
0.50613403
0.4998474
0.47512817
0.44589233
0.68045044
0.91342163
0.88772583
0.6993103
0.98757935
0.97543335
0.995636
0.28866577
0.052520752
0.56088257
0.42385864
0.08895874
0.50027466
0.5447693
0.7973938
0.9751892
0.95584106
0.8020935
0.74124146
0.8223572
0.04421997
0.20785522
0.8804016
0.50546265
0.39041138
0.63705444
0.83987427
0.8995056
0.6194153
0.96469116
0.24465942
0.8794861
0.3562317
0.06576538
0.7197571
0.32040405
0.2258606
0.8152771
0.89016724
0.09725952
0.853302
0.08822632
0.3808899
0.08505249
0.8635559
0.75961304
0.81692505
0.15878296
0.8816223
0.70443726
0.8232727
0.19345093
0.5325012
0.797699
0.024932861
0.0640564
0.44119263
0.9143982
0.046905518
0.64559937
0.23269653
0.9295349
0.5141907
0.81307983
0.53201294
0.71810913
0.05178833
0.4414978
0.96414185
0.15512085
0.2846985
0.40585327
0.15408325
0.11557007
0.83792114
0.58114624
0.72683716
0.4744568
0.3364563
0.8423767
0.30740356
0.106781006
0.40530396
0.06454468
0.5207825
0.8875427
0.6694641
0.12265015
0.9919739
0.69174194
0.75393677
0.8916931
0.34597778
0.39437866
0.28372192
0.24667358
0.20779419
0.8704529
0.8838196
0.06259155
0.2024231
0.9949646
0.17922974
0.21444702
0.9548645
0.6429138
0.7949524
0.57724
0.09011841
0.68930054
0.35598755
0.025970459
0.23318481
0.009124756
0.4873352
0.43563843
0.009063721
0.47738647
0.81399536
0.6812439
0.042755127
0.9690857
0.960968
0.63778687
0.95925903
0.3592224
0.5532532
0.18026733
0.38357544
0.52279663
0.21585083
0.1836853
0.94070435
0.33480835
0.573761
0.5230408
0.25564575
0.67025757
0.25198364
0.07333374
0.95339966
0.4041443
0.8755188
0.7095642
0.65896606
0.4114685
0.069366455
0.30673218
0.997345
0.5672302
0.4585266
0.73983765
0.5935364
0.74642944
0.66799927
0.8838806
0.07254028
0.82406616
0.32278442
0.6138611
0.05935669
0.6751404
0.04788208
0.80477905
0.1789856
0.1746521
0.46829224
0.33163452
0.056427002
0.19760132
0.2090149
0.06942749
0.3166809
0.61898804
0.89505005
0.89315796
0.5847473
0.31381226
0.1513977
0.6778259
0.48562622
0.15707397
0.60305786
0.2984314
0.6443176
0.023773193
0.8750305
0.62997437
0.68582153
0.7889099
0.5923157
0.54745483
0.23513794
0.32748413
0.37991333
0.9258728
0.91726685
0.51449585
0.8628235
0.6402283
0.35720825
0.22494507
0.66604614
0.56552124
0.17996216
0.3338318
0.4145813
0.5767517
0.010528564
0.716156
0.73342896
0.5489197
0.47390747
0.24691772
0.24758911
0.35702515
0.19509888
0.80111694
0.58206177
0.8760681
0.7991028
0.25375366
0.36184692
0.9810486
0.9109192
0.47982788
0.21194458
0.54696655
0.1555481
0.3543396
0.75735474
0.44882202
0.1579895
0.7522888
0.6230774
0.561615
0.5432434
0.54867554
0.43411255
0.76034546
0.9363098
0.61849976
0.8154602
0.9200134
0.9621887
0.8367615
0.39212036
0.9156189
0.24588013
0.07846069
0.789093
0.62216187
0.41238403
0.21859741
0.6313782
0.91464233
0.08670044
0.13217163
0.54397583
0.6680603
0.89382935
0.69418335
0.15188599
0.7574158
0.45877075
0.77963257
0.08010864
0.05770874
0.40652466
0.2635193
0.9536438
0.4439392
0.36209106
0.020843506
0.39749146
0.7911072
0.95047
0.9266052
0.03665161
0.97421265
0.7966614
0.85580444
0.49612427
0.8682556
0.5256653
0.68344116
0.40090942
0.34823608
0.7624817
0.28451538
0.37600708
0.28915405
0.1321106
0.5340271
0.046417236
0.5660095
0.259552
0.30697632
0.037139893
0.05380249
0.7698059
0.47836304
0.97317505
0.62753296
0.2878723
0.92318726
0.4795227
0.16220093
0.43875122
0.516449
0.18118286
0.5328064
0.8474426
0.1331482
0.7031555
0.61434937
0.13894653
0.6482849
0.6704407
0.28182983
0.93826294
0.93685913
0.70803833
0.4102478
0.87039185
0.87387085
0.4409485
0.8746033
0.56033325
0.33432007
0.49417114
0.54989624
0.63308716
0.19320679
0.4927063
0.3111267
0.71365356
0.325531
0.061553955
0.033294678
0.42703247
0.6062927
0.8257141
0.59140015
0.39822388
0.91049194
0.41018677
0.8604431
0.25222778
0.11312866
0.43997192
0.7154236
0.6140442
0.08920288
0.5400696
0.031341553
0.108673096
0.7137146
0.33547974
0.683197
0.3611145
0.8616638
0.4512024
0.54599
0.9963684
0.40805054
0.51223755
0.49472046
0.6394348
0.22787476
0.1435852
0.40438843
0.9153137
0.19613647
0.97024536
0.1499939
0.44900513
0.1878357
0.617218
0.60653687
0.86550903
0.07797241
0.7095032
0.64901733
0.78982544
0.74154663
0.87210083
0.1524353
0.84695435
0.05355835
0.730011
0.9917908
0.66189575
0.88900757
0.90823364
0.04208374
0.85964966
0.12289429
0.0317688
0.17831421
0.065216064
0.6302185
0.72561646
0.27548218
0.903595
0.28598022
0.6147766
0.20858765
0.9997864
0.96517944
0.32424927
0.8526306
0.9787903
0.54281616
0.47903442
0.082611084
0.4656067
0.8938904
0.7041321
0.77352905
0.085235596
0.8934021
0.62454224
0.8003845
0.462677
0.41635132
0.8652649
0.03817749
0.22293091
0.33773804
0.05130005
0.36190796
0.9909973
0.53256226
0.8076477
0.6465759
0.39187622
0.875824
0.75930786
0.7671814
0.050567627
0.2425232
0.5312805
0.59872437
0.59207153
0.5076599
0.7485657
0.016204834
0.64138794
0.54623413
0.03616333
0.8946228
0.82351685
0.23324585
0.019073486
0.10897827
0.76345825
0.44369507
0.32229614
0.53427124
0.08621216
0.052581787
0.5708313
0.04550171
0.41677856
0.934906
0.38967896
0.5176697
0.38015747
0.9656677
0.4038391
0.82577515
0.6013489
0.019866943
0.23831177
0.8448181
0.7053528
0.97250366
0.5180969
0.44979858
0.3171692
0.6985779
0.8681946
0.51571655
0.061798096
0.0730896
0.91360474
0.917572
0.5642395
0.9710388
0.2793274
0.530365
0.4494934
0.26742554
0.59036255
0.22909546
0.3425598
0.83724976
0.4717102
0.8887634
0.8684387
0.5555115
0.54837036
0.3843689
0.6521301
0.2972107
0.44534302
0.59091187
0.31863403
0.9373474
0.7876282
0.38339233
0.49295044
0.35092163
0.20022583
0.6368103
0.80007935
0.41293335
0.308136
0.22616577
0.86502075
0.99838257
0.73635864
0.02645874
0.31277466
0.9822693
0.1098938
0.9126892
0.76834106
0.2395935
0.053741455
0.7598572
0.85672
0.6453552
0.19290161
0.44296265
0.20291138
0.07455444
0.15237427
0.8370056
0.43191528
0.40219116
0.5571594
0.8169861
0.16873169
0.5032654
0.03225708
0.25790405
0.038360596
0.2527771
0.20266724
0.03475952
0.665802
0.5257263
0.6933899
0.02255249
0.6760559
0.19711304
0.12942505
0.09628296
0.6941223
0.14193726
0.1357727
0.13095093
0.34500122
0.23519897
0.33743286
0.0015563965
0.25369263
0.3518982
0.35940552
0.58309937
0.045196533
0.3670349
0.8266907
0.75057983
0.34451294
0.15560913
0.36428833
0.3789978
0.77664185
0.59262085
0.5971985
0.34335327
0.96658325
0.55307007
0.15042114
0.51864624
0.53933716
0.9119568
0.6489563
0.7798767
0.119903564
0.544281
0.71780396
0.0020446777
0.33328247
0.32504272
0.9819641
0.060150146
0.8044739
0.12924194
0.06643677
0.8291931
0.15847778
0.83187866
0.5962219
0.18417358
0.02029419
0.30795288
0.19631958
9.1552734E-5
0.014923096
0.4324646
0.49172974
0.15194702
0.7673645
0.08041382
0.10745239
0.51474
0.9026184
0.12680054
0.66848755
0.96347046
0.045684814
0.44662476
0.7998352
0.37313843
0.8215637
0.9148865
0.12649536
0.6187439
0.8552551
0.4065857
0.27346802
0.57528687
0.77175903
0.7967224
0.8657532
0.117767334
0.19607544
0.96029663
0.52835083
0.1211853
0.75320435
0.77230835
0.886261
0.46054077
0.06814575
0.10775757
0.56448364
0.01083374
0.76589966
0.8416443
0.1880188
0.6470642
0.47146606
0.8489685
0.38186646
0.24423218
0.809845
0.0047302246
